3200.07	299.229
3199.37	317.041
3198.67	331.234
3197.97	352.545
3197.26	359.607
3196.56	320.388
3195.86	348.808
3195.16	402.13
3194.45	341.575
3193.75	369.977
3193.05	337.903
3192.35	337.846
3191.64	391.124
3190.94	323.512
3190.24	348.338
3189.53	358.941
3188.83	383.753
3188.12	383.688
3187.42	358.758
3186.72	397.763
3186.01	365.738
3185.31	390.528
3184.6	358.514
3183.9	376.198
3183.2	404.522
3182.49	390.261
3181.79	429.214
3181.08	365.302
3180.38	436.159
3179.67	421.903
3178.97	432.465
3178.26	396.949
3177.56	432.317
3176.85	396.813
3176.14	446.338
3175.44	389.593
3174.73	393.067
3174.03	424.864
3173.32	385.851
3172.61	403.481
3171.91	421.105
3171.2	360.885
3170.49	417.422
3169.79	456.255
3169.08	431.422
3168.37	427.812
3167.67	406.527
3166.96	413.526
3166.25	385.183
3165.54	395.716
3164.84	402.712
3164.13	399.11
3163.42	331.945
3162.71	377.786
3162	395.371
3161.29	360.007
3160.59	412.877
3159.88	405.748
3159.17	430.371
3158.46	402.079
3157.75	391.429
3157.04	423.093
3156.33	394.817
3155.62	394.748
3154.91	394.678
3154.2	391.085
3153.5	405.107
3152.79	383.903
3152.08	348.621
3151.37	345.039
3150.66	397.781
3149.94	376.593
3149.23	422.273
3148.52	372.942
3147.81	429.159
3147.1	383.361
3146.39	411.424
3145.68	390.256
3144.97	439.4
3144.26	411.205
3143.55	372.478
3142.83	404.032
3142.12	382.884
3141.41	400.376
3140.7	410.839
3139.99	428.32
3139.27	421.223
3138.56	428.167
3137.85	400.018
3137.14	424.505
3136.42	445.475
3135.71	452.409
3135	434.796
3134.29	448.741
3133.57	424.125
3132.86	417.039
3132.15	434.484
3131.43	423.896
3130.72	451.841
3130	486.779
3129.29	479.689
3128.58	465.6
3127.86	500.517
3127.15	461.932
3126.43	500.336
3125.72	493.249
3125	507.15
3124.29	542.028
3123.57	506.967
3122.86	503.379
3122.14	608.139
3121.43	639.479
3120.71	597.437
3120	667.192
3119.28	674.056
3118.56	764.722
3117.85	809.969
3117.13	911.049
3116.42	1043.5
3115.7	1050.29
3114.98	1095.45
3114.27	1245.24
3113.55	1154.34
3112.83	1185.51
3112.12	1157.4
3111.4	1115.36
3110.68	1052.43
3109.96	1094.05
3109.25	968.441
3108.53	870.741
3107.81	828.793
3107.09	870.421
3106.37	807.602
3105.66	727.405
3104.94	772.508
3104.22	789.762
3103.5	723.525
3102.78	671.224
3102.06	691.964
3101.34	730.078
3100.62	702.136
3099.9	649.877
3099.18	684.504
3098.47	726.065
3097.75	781.505
3097.03	739.688
3096.31	777.744
3095.59	788.014
3094.86	891.992
3094.14	919.588
3093.42	954.112
3092.7	950.466
3091.98	1113.3
3091.26	1113.09
3090.54	1209.96
3089.82	1317.19
3089.1	1327.34
3088.38	1431.04
3087.65	1479.28
3086.93	1368.16
3086.21	1496.04
3085.49	1578.86
3084.77	1554.33
3084.04	1574.81
3083.32	1661.03
3082.6	1657.26
3081.88	1639.65
3081.15	1663.55
3080.43	1590.63
3079.71	1735.53
3078.98	1714.47
3078.26	1890.4
3077.54	1976.43
3076.81	1924.24
3076.09	1954.96
3075.37	1992.58
3074.64	2061.26
3073.92	1967.67
3073.19	1943.14
3072.47	2022.14
3071.74	1901.01
3071.02	1828.21
3070.29	1883.05
3069.57	1755.11
3068.84	1661.7
3068.12	1726.88
3067.39	1543.9
3066.67	1609.08
3065.94	1584.66
3065.22	1605.02
3064.49	1590.95
3063.76	1501.13
3063.04	1466.42
3062.31	1476.47
3061.59	1496.84
3060.86	1496.55
3060.13	1479.07
3059.41	1447.84
3058.68	1378.8
3057.95	1320.09
3057.22	1361.09
3056.5	1274.92
3055.77	1133.81
3055.04	1243.52
3054.31	1102.47
3053.58	1047.32
3052.86	1026.52
3052.13	1002.29
3051.4	919.739
3050.67	895.546
3049.94	909.097
3049.21	898.634
3048.48	829.878
3047.76	857.148
3047.03	761.002
3046.3	719.73
3045.57	688.752
3044.84	681.769
3044.11	691.914
3043.38	708.905
3042.65	743.01
3041.92	684.671
3041.19	660.581
3040.46	660.454
3039.73	636.378
3038.99	632.835
3038.26	581.413
3037.53	707.819
3036.8	697.427
3036.07	635.768
3035.34	724.499
3034.61	686.775
3033.87	676.395
3033.14	703.588
3032.41	648.816
3031.68	754.53
3030.95	631.499
3030.21	641.616
3029.48	699.499
3028.75	753.949
3028.01	753.804
3027.28	722.966
3026.55	808.066
3025.82	794.274
3025.08	770.263
3024.35	759.892
3023.61	766.559
3022.88	756.192
3022.15	779.885
3021.41	813.783
3020.68	830.647
3019.94	874.734
3019.21	871.161
3018.47	836.969
3017.74	853.816
3017	874.056
3016.27	843.283
3015.53	826.122
3014.8	747.784
3014.06	768.029
3013.33	757.687
3012.59	835.671
3011.85	774.374
3011.12	767.432
3010.38	729.937
3009.64	743.373
3008.91	760.197
3008.17	722.725
3007.43	746.331
3006.7	732.619
3005.96	644.308
3005.22	715.381
3004.49	715.242
3003.75	732.048
3003.01	664.136
3002.27	660.619
3001.53	697.748
3000.8	717.931
3000.06	650.074
2999.32	683.799
2998.58	690.434
2997.84	713.986
2997.1	700.313
2996.36	703.559
2995.62	683.13
2994.88	682.996
2994.15	693.004
2993.41	692.868
2992.67	692.733
2991.93	668.947
2991.19	712.728
2990.45	739.606
2989.7	722.578
2988.96	692.054
2988.22	739.171
2987.48	671.534
2986.74	668.029
2986	735.362
2985.26	698.119
2984.52	684.494
2983.78	724.814
2983.03	667.372
2982.29	647.021
2981.55	734.494
2980.81	747.824
2980.07	740.941
2979.32	703.755
2978.58	740.649
2977.84	716.941
2977.1	706.704
2976.35	730.117
2975.61	699.697
2974.87	766.825
2974.12	662.433
2973.38	766.522
2972.64	766.37
2971.89	749.416
2971.15	745.908
2970.4	792.79
2969.66	762.406
2968.91	839.488
2968.17	762.104
2967.42	775.38
2966.68	792.006
2965.93	798.56
2965.19	815.175
2964.44	815.013
2963.7	824.912
2962.95	871.685
2962.21	834.64
2961.46	888.096
2960.71	941.53
2959.97	921.243
2959.22	971.3
2958.48	1031.38
2957.73	1007.74
2956.98	1061.1
2956.24	1050.85
2955.49	1134.29
2954.74	1197.62
2953.99	1250.9
2953.25	1317.53
2952.5	1310.58
2951.75	1310.32
2951	1413.66
2950.25	1530.33
2949.51	1610.2
2948.76	1770.2
2948.01	1813.25
2947.26	1889.68
2946.51	2109.61
2945.76	2119.2
2945.01	2302.3
2944.26	2351.88
2943.51	2441.46
2942.76	2517.67
2942.01	2633.86
2941.26	2626.67
2940.51	2706.12
2939.76	2695.59
2939.01	2585.11
2938.26	2504.66
2937.51	2414.25
2936.76	2347.18
2936.01	2253.51
2935.26	2043.39
2934.51	1963.13
2933.76	1916.16
2933	1882.52
2932.25	1795.68
2931.5	1668.98
2930.75	1668.65
2930	1535.38
2929.24	1445.36
2928.49	1514.83
2927.74	1348.46
2926.98	1334.91
2926.23	1328
2925.48	1261.35
2924.73	1214.63
2923.97	1104.89
2923.22	1157.75
2922.46	1137.62
2921.71	1127.44
2920.96	1031.07
2920.2	1010.97
2919.45	987.571
2918.69	1017.19
2917.94	1013.68
2917.18	973.727
2916.43	1023.2
2915.67	946.849
2914.92	992.998
2914.16	996.108
2913.41	976.055
2912.65	1012.25
2911.9	978.968
2911.14	958.931
2910.38	952.125
2909.63	932.101
2908.87	908.78
2908.11	948.245
2907.36	964.57
2906.6	835.571
2905.84	898.14
2905.09	815.426
2904.33	943.986
2903.57	897.595
2902.81	950.203
2902.06	936.816
2901.3	913.54
2900.54	913.355
2899.78	880.204
2899.02	876.73
2898.26	860.076
2897.5	863.196
2896.75	965.134
2895.99	892.486
2895.23	905.475
2894.47	790.073
2893.71	855.739
2892.95	947.703
2892.19	845.521
2891.43	861.796
2890.67	825.446
2889.91	831.854
2889.15	831.685
2888.39	831.516
2887.63	805.06
2886.87	788.47
2886.1	873.71
2885.34	748.742
2884.58	774.856
2883.82	758.285
2883.06	787.668
2882.3	725.163
2881.53	692.209
2880.77	747.828
2880.01	764.072
2879.25	718.015
2878.48	694.923
2877.72	740.664
2876.96	743.789
2876.2	723.982
2875.43	743.486
2874.67	723.687
2873.91	746.456
2873.14	674.292
2872.38	670.882
2871.61	706.736
2870.85	696.778
2870.08	654.118
2869.32	667.064
2868.56	683.274
2867.79	624.3
2867.03	699.334
2866.26	705.725
2865.5	725.181
2864.73	705.437
2863.96	692.231
2863.2	665.973
2862.43	714.795
2861.67	825.599
2860.9	756.916
2860.13	711.094
2859.37	629.418
2858.6	697.76
2857.83	720.437
2857.07	739.844
2856.3	736.434
2855.53	684.156
2854.76	729.617
2854	690.389
2853.23	745.597
2852.46	696.616
2851.69	686.709
2850.92	735.376
2850.16	738.478
2849.39	686.286
2848.62	692.648
2847.85	744.525
2847.08	676.111
2846.31	623.974
2845.54	727.82
2844.77	701.682
2844	649.571
2843.23	672.168
2842.46	681.769
2841.69	645.924
2840.92	645.791
2840.15	596.99
2839.38	616.33
2838.61	609.717
2837.84	648.501
2837.07	635.4
2836.3	625.545
2835.52	657.821
2834.75	664.165
2833.98	602.484
2833.21	612.075
2832.44	582.808
2831.66	644.194
2830.89	634.351
2830.12	608.333
2829.35	608.208
2828.57	546.627
2827.8	591.787
2827.03	662.794
2826.25	601.24
2825.48	604.347
2824.71	597.759
2823.93	581.483
2823.16	603.971
2822.38	590.93
2821.61	548.837
2820.84	616.507
2820.06	567.973
2819.29	593.666
2818.51	606.446
2817.74	632.121
2816.96	586.848
2816.19	618.964
2815.41	580.158
2814.63	618.707
2813.86	695.901
2813.08	608.787
2812.31	618.321
2811.53	656.83
2810.75	630.941
2809.98	595.407
2809.2	550.235
2808.42	569.422
2807.64	681.878
2806.87	607.774
2806.09	633.368
2805.31	658.952
2804.53	636.318
2803.76	632.973
2802.98	668.177
2802.2	648.767
2801.42	606.888
2800.64	616.393
2799.86	619.474
2799.08	648.226
2798.3	628.841
2797.53	580.594
2796.75	660.648
2795.97	647.685
2795.19	605.876
2794.41	602.544
2793.63	637.666
2792.85	659.958
2792.06	653.414
2791.28	608.445
2790.5	662.746
2789.72	614.592
2788.94	675.27
2788.16	630.333
2787.38	649.395
2786.6	639.664
2785.81	674.704
2785.03	700.139
2784.25	706.385
2783.47	725.41
2782.69	651.774
2781.9	632.471
2781.12	724.954
2780.34	696.065
2779.55	657.612
2778.77	663.857
2777.99	657.335
2777.2	615.724
2776.42	628.353
2775.64	682.432
2774.85	656.783
2774.07	694.896
2773.28	682.002
2772.5	672.3
2771.71	614.818
2770.93	678.386
2770.14	659.138
2769.36	633.531
2768.57	706.604
2767.79	652.357
2767	645.856
2766.22	680.71
2765.43	632.863
2764.64	610.473
2763.86	664.385
2763.07	699.205
2762.28	651.394
2761.5	670.318
2760.71	657.472
2759.92	641.455
2759.13	676.243
2758.35	644.358
2757.56	688.651
2756.77	710.715
2755.98	650.293
2755.2	697.728
2754.41	672.214
2753.62	729.134
2752.83	706.793
2752.04	757.345
2751.25	655.804
2750.46	725.349
2749.67	734.696
2748.88	680.716
2748.09	728.053
2747.3	708.91
2746.51	749.893
2745.72	727.589
2744.93	778.039
2744.14	739.929
2743.35	739.771
2742.56	752.257
2741.77	793.178
2740.98	868.835
2740.19	732.825
2739.39	795.83
2738.6	776.716
2737.81	811.275
2737.02	811.102
2736.23	851.949
2735.43	769.745
2734.64	829.507
2733.85	797.797
2733.06	826.001
2732.26	800.609
2731.47	772.076
2730.68	822.321
2729.88	806.396
2729.09	790.477
2728.29	840.686
2727.5	821.619
2726.71	834.032
2725.91	789.801
2725.12	780.195
2724.32	783.173
2723.53	735.836
2722.73	801.701
2721.94	757.524
2721.14	738.506
2720.34	738.348
2719.55	753.896
2718.75	778.858
2717.96	766.132
2717.16	794.22
2716.36	753.249
2715.57	756.225
2714.77	774.886
2713.97	759.036
2713.18	802.775
2712.38	771.251
2711.58	761.682
2710.78	774.053
2709.99	786.419
2709.19	792.515
2708.39	854.98
2707.59	745.206
2706.79	738.785
2705.99	766.794
2705.19	816.694
2704.39	794.619
2703.6	803.831
2702.8	759.878
2702	787.852
2701.2	803.31
2700.4	796.886
2699.6	746.724
2698.8	793.418
2698	746.401
2697.2	724.384
2696.39	761.687
2695.59	786.49
2694.79	776.959
2693.99	773.671
2693.19	823.407
2692.39	801.4
2691.59	810.579
2690.78	779.234
2689.98	785.297
2689.18	800.705
2688.38	788.071
2687.57	756.758
2686.77	812.637
2685.97	800.009
2685.16	778.05
2684.36	759.212
2683.56	777.712
2682.75	811.754
2681.95	836.453
2681.14	789.639
2680.34	752.169
2679.54	795.51
2678.73	829.511
2677.93	788.951
2677.12	838.465
2676.32	754.454
2675.51	831.891
2674.71	813.089
2673.9	788.09
2673.09	822.04
2672.29	750.529
2671.48	837.184
2670.67	796.701
2669.87	787.228
2669.06	814.944
2668.25	805.471
2667.45	808.392
2666.64	786.539
2665.83	792.558
2665.02	851.194
2664.22	841.723
2663.41	841.539
2662.6	794.956
2661.79	872.094
2660.98	890.454
2660.17	834.617
2659.37	862.248
2658.56	855.878
2657.75	886.581
2656.94	824.617
2656.13	842.962
2655.35	723.488
2655.32	916.866
2654.55	891.886
2654.51	879.627
2653.75	820.019
2653.7	851.662
2652.95	754.411
2652.89	869.984
2652.14	766.747
2652.08	860.539
2651.34	825.824
2651.27	860.349
2650.54	878.648
2650.46	823.163
2649.74	794.384
2649.64	813.734
2648.93	816.048
2648.83	813.554
2648.13	847.047
2648.02	828.779
2647.33	812.65
2647.21	813.194
2646.53	868.543
2646.4	843.81
2645.72	865.278
2645.59	905.202
2644.92	827.783
2644.77	883.453
2644.12	902.312
2643.96	923.266
2643.31	880.377
2643.15	824.601
2642.51	774.472
2642.34	836.723
2641.7	808.543
2641.52	894.972
2640.9	814.619
2640.71	882.474
2640.1	885.976
2639.9	876.13
2639.29	832.981
2639.08	879.009
2638.49	876.341
2638.27	881.886
2637.68	798.51
2637.46	844.825
2636.88	838.753
2636.64	893.78
2636.07	863.453
2635.83	869.015
2635.27	857.089
2635.01	856.541
2634.46	887.986
2634.2	862.489
2633.66	887.828
2633.39	828.542
2632.85	853.53
2632.57	865.173
2632.05	859.585
2631.76	822.038
2631.24	940.101
2630.94	892.387
2630.43	853.075
2630.12	876.858
2629.63	868.431
2629.31	888.923
2628.82	868.276
2628.49	787.594
2628.02	852.619
2627.68	851.759
2627.21	849.367
2626.86	977.16
2626.4	886.408
2626.05	915.691
2625.6	876.953
2625.23	857.312
2624.79	879.894
2624.41	912.22
2623.98	895.225
2623.6	875.29
2623.18	932.23
2622.78	930.17
2622.37	904.194
2621.96	939.139
2621.56	876.168
2621.14	923.636
2620.75	922.443
2620.33	935.66
2619.94	891.328
2619.51	950.735
2619.14	872.602
2618.69	953.578
2618.33	915.758
2617.87	880.028
2617.52	934.152
2617.05	928.71
2616.71	890.687
2616.23	925.447
2615.9	974.013
2615.42	922.185
2615.1	921.281
2614.6	918.925
2614.29	850.022
2613.78	927.874
2613.48	896.225
2612.96	967.335
2612.67	858.984
2612.14	979.321
2611.86	960.776
2611.32	979.1
2611.05	858.673
2610.5	927.038
2610.24	985.134
2609.68	902.439
2609.43	991.131
2608.86	890.043
2608.62	938.47
2608.04	902.031
2607.81	888.916
2607.22	920.108
2607	916.528
2606.4	947.314
2606.19	934.874
2605.58	919.691
2605.38	953.212
2604.76	968.198
2604.57	980.797
2603.93	1025.81
2603.76	943.614
2603.11	986.019
2602.95	989.689
2602.29	946.242
2602.14	937.105
2601.47	973.404
2601.33	946.18
2600.65	1006.64
2600.51	986.066
2599.83	933.436
2599.7	908.863
2599	975.782
2598.89	967.223
2598.18	972.521
2598.08	936.248
2597.36	951.031
2597.27	988.423
2596.53	966.003
2596.46	957.455
2595.71	1062.97
2595.64	954.202
2594.89	1026.29
2594.83	1003.27
2594.06	938.023
2594.02	975.39
2593.24	965.124
2593.21	922.912
2592.42	1046.83
2592.39	978.107
2591.59	961.651
2591.58	879.519
2590.77	952.332
2590.77	971.597
2589.95	996.011
2589.94	946.051
2589.14	931.283
2589.12	939.772
2588.33	943.403
2588.29	969.865
2587.51	934.011
2587.47	987.824
2586.7	872.402
2586.64	990.628
2585.89	952.094
2585.82	893.481
2585.07	859.797
2584.99	941.725
2584.26	964.022
2584.17	950.592
2583.44	945.426
2583.34	971.561
2582.63	932.975
2582.52	971.338
2581.81	929.733
2581.69	1001.37
2581	1000.12
2580.86	946.696
2580.18	950.859
2580.04	970.669
2579.37	938.415
2579.21	982.539
2578.55	907.579
2578.38	988.358
2577.74	1011.64
2577.55	970
2576.92	977.736
2576.73	978.84
2576.11	968.361
2575.9	954.452
2575.29	937.542
2575.07	981.409
2574.47	943.493
2574.24	950.993
2573.66	977.007
2573.41	968.884
2572.84	995.197
2572.59	956.59
2572.02	933.78
2571.76	962.403
2571.21	997.886
2570.93	1025.52
2570.39	964.035
2570.1	1022.27
2569.57	979.154
2569.27	1003.94
2568.76	991.207
2568.44	1051.94
2567.94	1046.08
2567.61	1039.64
2567.12	1024.47
2566.78	964.081
2566.3	1024.28
2565.95	1018.07
2565.49	993.52
2565.12	1035.91
2564.67	1066.69
2564.29	1017.6
2563.85	1048.15
2563.46	1044.46
2563.03	1008.24
2562.63	1017.13
2562.21	1069.14
2561.8	1019.9
2561.39	1035.34
2560.97	1097.87
2560.58	1047.36
2560.14	1127.69
2559.76	1059.38
2559.3	1040.24
2558.94	1059.18
2558.47	1027.97
2558.12	979.63
2557.64	1084.83
2557.3	1006.91
2556.81	1054.53
2556.48	1018.92
2555.98	1096.34
2555.66	969.925
2555.14	1012
2554.84	1049.03
2554.31	1107.83
2554.02	1054.93
2553.48	987.513
2553.2	1051.68
2552.65	987.282
2552.38	978.333
2551.81	975.051
2551.56	987.29
2550.98	1055.81
2550.74	1069.36
2550.15	1091.55
2549.92	1044.79
2549.31	1055.31
2549.1	1017.18
2548.48	1046.07
2548.28	1047.44
2547.64	1054.82
2547.46	998.529
2546.81	1024.61
2546.63	1077.48
2545.97	1030.36
2545.81	1031.62
2545.14	1036.11
2544.99	1019.26
2544.3	1023.89
2544.17	1028.19
2543.47	1002.7
2543.35	1052.32
2542.63	1095.23
2542.52	1003.47
2541.8	1059.07
2541.7	1003.28
2540.96	1064.8
2540.88	1051.72
2540.13	1037.64
2540.06	1033.29
2539.29	1076.26
2539.23	975.357
2538.45	1043.12
2538.41	1011.63
2537.62	1084.71
2537.59	1087.37
2536.78	1018.73
2536.77	1044.64
2535.94	1072.25
2535.94	1011.04
2535.12	1026.03
2535.11	1033.18
2534.29	998.517
2534.27	1089.66
2533.47	1049.91
2533.43	1038.66
2532.65	1122.52
2532.59	1080.19
2531.82	1034.34
2531.75	1065.02
2531	1100.86
2530.92	1109.5
2530.17	1058.2
2530.08	1118.19
2529.35	1042.84
2529.24	1088.11
2528.52	1039.61
2528.4	1117.65
2527.7	1066.68
2527.56	1165.06
2526.87	1045.27
2526.72	1090.31
2526.05	1120.79
2525.88	1039.42
2525.22	1117.55
2525.04	1146.37
2524.4	1081
2524.2	1074.65
2523.57	1074.74
2523.36	1113.08
2522.75	1122.96
2522.52	1136.62
2521.92	1047.08
2521.68	1145.27
2521.09	1077.14
2520.84	1076.6
2520.27	1143.48
2520	1141.75
2519.44	1152.33
2519.16	1126.62
2518.61	1094.66
2518.32	1102.57
2517.79	1106.54
2517.48	1105.28
2516.96	1060.98
2516.64	1122.84
2516.13	1106.11
2515.79	1122.57
2515.31	1117.98
2514.95	1122.3
2514.48	1117.76
2514.11	1178.43
2513.65	1159.83
2513.27	1136.6
2512.82	1114.31
2512.42	1180.83
2511.99	1111.07
2511.58	1195.37
2511.17	1144.06
2510.74	1123.91
2510.34	1143.84
2509.9	1141.43
2509.51	1179.83
2509.05	1173.76
2508.68	1104.18
2508.21	1206.07
2507.85	1161.27
2507.36	1128.75
2507.02	1133.9
2506.52	1161.06
2506.19	1154.79
2505.68	1157.82
2505.36	1157.58
2504.83	1154.58
2504.53	1172.42
2503.99	1130.62
2503.7	1175.21
2503.14	1192.49
2502.88	1202.09
2502.3	1251.37
2502.05	1201.86
2501.45	1245.15
2501.22	1174.52
2500.61	1162.05
2500.38	1249.56
2499.76	1250.46
2499.55	1210.18
2498.92	1205.82
2498.72	1228
2498.07	1235.07
2497.89	1191.65
2497.22	1320.44
2497.06	1197.44
2496.38	1258.1
2496.23	1299.48
2495.53	1257.79
2495.4	1236.07
2494.68	1245.68
2494.57	1371.13
2493.84	1239.47
2493.74	1250.61
2492.99	1339.48
2492.9	1283.43
2492.14	1274.26
2492.07	1232.09
2491.29	1324.08
2491.24	1315.97
2490.44	1367.98
2490.41	1285.68
2489.6	1293.96
2489.58	1255.39
2488.75	1361.42
2488.74	1186.08
2487.91	1368.98
2487.9	1281.54
2487.08	1299.67
2487.05	1313.63
2486.24	1287.41
2486.2	1322.14
2485.41	1344.17
2485.35	1368.92
2484.58	1259.91
2484.5	1321.49
2483.74	1280.65
2483.65	1285.85
2482.91	1304.39
2482.8	1329.66
2482.08	1205.2
2481.95	1252.87
2481.24	1204.96
2481.1	1246.68
2480.41	1261.66
2480.25	1313.98
2479.57	1270.4
2479.4	1304.84
2478.74	1300.11
2478.55	1342.72
2477.91	1338.79
2477.7	1351.2
2477.07	1299.59
2476.85	1306.81
2476.24	1272.39
2476	1277.13
2475.4	1293.09
2475.15	1309.1
2474.56	1259.92
2474.29	1305.84
2473.73	1283.6
2473.44	1314.32
2472.89	1268.39
2472.59	1270
2472.06	1295.06
2471.74	1284.34
2471.22	1300.78
2470.88	1307.48
2470.39	1192.89
2470.03	1301.29
2469.55	1303.26
2469.18	1248.22
2468.71	1282.08
2468.32	1285.99
2467.88	1239.99
2467.47	1273.96
2467.04	1320.4
2466.62	1267.79
2466.2	1305.21
2465.76	1314.3
2465.36	1337.79
2464.91	1308.12
2464.53	1283.79
2464.05	1310.72
2463.69	1385.02
2463.2	1246.04
2462.85	1283.28
2462.34	1304.22
2462.01	1360.6
2461.49	1298.04
2461.18	1255.92
2460.63	1291.87
2460.34	1264.62
2459.78	1300.31
2459.5	1306.11
2458.92	1299.99
2458.66	1353.55
2458.07	1311.34
2457.82	1210.2
2457.21	1340.21
2456.98	1230.82
2456.35	1322.36
2456.14	1236.54
2455.5	1380.4
2455.31	1251.19
2454.64	1304.19
2454.47	1274.76
2453.78	1298.03
2453.63	1277.49
2452.93	1382.27
2452.79	1232.57
2452.07	1341.1
2451.95	1268.05
2451.21	1401.97
2451.11	1217.2
2450.35	1352.08
2450.27	1190.18
2449.49	1424.57
2449.43	1255.38
2448.64	1409.64
2448.59	1165.91
2447.78	1429.67
2447.74	1281.64
2446.92	1507.9
2446.9	1278.41
2446.06	1260.32
2446.06	1428.94
2445.22	1325.45
2445.2	1376.21
2444.38	1316.27
2444.34	1474.76
2443.54	1140.74
2443.48	1442.39
2442.7	1185.06
2442.62	1410.05
2441.86	1256.09
2441.76	1377.71
2441.01	1246.93
2440.9	1470.35
2440.17	1264.49
2440.04	1426.4
2439.33	1225.66
2439.18	1344.71
2438.49	1237.28
2438.32	1408.25
2437.64	1257.79
2437.46	1346.93
2436.8	1216.02
2436.6	1334.97
2435.96	1251.36
2435.73	1302.72
2435.11	1218.49
2434.87	1316.89
2434.27	1126.36
2434.01	1235.35
2433.43	1197.26
2433.15	1235.03
2432.58	1250.35
2432.29	1228.92
2431.74	1196.77
2431.42	1251.78
2430.89	1267.61
2430.56	1254.36
2430.05	1208.14
2429.7	1204.8
2429.21	1273.02
2428.83	1250.82
2428.36	1260.93
2427.97	1279.44
2427.52	1275.47
2427.11	1282
2426.67	1189.41
2426.24	1272.99
2425.83	1215.79
2425.38	1281.34
2424.98	1203.71
2424.51	1298.36
2424.14	1167.99
2423.65	1329.82
2423.29	1212.1
2422.78	1323.7
2422.44	1176.38
2421.92	1236.67
2421.6	1185.01
2421.05	1346.12
2420.75	1255.68
2420.19	1337.11
2419.91	1205.21
2419.32	1400.28
2419.06	1207.92
2418.45	1261.36
2418.21	1207.67
2417.59	1419.75
2417.37	1210.38
2416.72	1436.69
2416.52	1180.62
2415.85	1436.31
2415.67	1189.23
2414.99	1470.54
2414.82	1283.4
2414.12	1470.15
2413.98	1241.84
2413.25	1435.18
2413.13	1253.39
2412.39	1452.1
2412.28	1344.54
2411.52	1402.75
2411.43	1282.36
2410.59	1246.73
2409.74	1296.57
2408.89	1305.15
2408.04	1201.79
2407.19	1278.11
2406.34	1266.07
2405.49	1224.6
2404.64	1306.76
2403.79	1265.3
2402.94	1244.45
2402.09	1291.26
2401.24	1196.89
2400.39	1246.63
2399.54	1308.1
2398.69	1299.02
2397.84	1348.71
2396.99	1277.92
2396.14	1277.66
2395.29	1277.4
2394.44	1335.86
2393.58	1215.24
2392.73	1285.42
2391.88	1317.44
2391.03	1325.97
2390.18	1316.9
2389.32	1299.03
2388.47	1357.4
2387.62	1316.09
2386.76	1277.72
2385.91	1274.53
2385.06	1271.34
2384.2	1347.22
2383.35	1344.02
2382.5	1314.47
2381.64	1305.42
2380.79	1305.15
2379.93	1281.48
2379.08	1363.12
2378.22	1386.23
2377.37	1307
2376.51	1309.66
2375.66	1350.31
2374.8	1341.26
2373.95	1387.73
2373.09	1367
2372.24	1363.8
2371.38	1357.68
2370.52	1278.58
2369.67	1354.2
2368.81	1380.18
2367.95	1339.05
2367.1	1324.19
2366.24	1323.92
2365.38	1373.21
2364.52	1372.93
2363.67	1384.3
2362.81	1386.93
2361.95	1372.08
2361.09	1264.03
2360.23	1342.39
2359.37	1371.23
2358.51	1370.94
2357.66	1440.5
2356.8	1347.1
2355.94	1407.91
2355.08	1381.44
2354.22	1337.54
2353.36	1401.22
2352.5	1467.78
2351.64	1450.04
2350.78	1461.36
2349.92	1463.96
2349.05	1402.67
2348.19	1498.2
2347.33	1431.12
2346.47	1407.6
2345.61	1532.08
2344.75	1467.94
2343.89	1389.32
2343.02	1496.33
2342.16	1440.93
2341.3	1434.84
2340.44	1480.91
2339.57	1440.04
2338.71	1497.67
2337.85	1474.19
2336.98	1459.41
2336.12	1444.63
2335.26	1403.81
2334.39	1475.86
2333.53	1461.09
2332.66	1460.78
2331.8	1419.99
2330.94	1411.02
2330.07	1364.47
2329.21	1416.21
2328.34	1404.36
2327.48	1424.29
2326.61	1438.43
2325.74	1438.13
2324.88	1426.28
2324.01	1501.04
2323.15	1414.14
2322.28	1462.9
2321.41	1451.05
2320.55	1427.68
2319.68	1418.73
2318.81	1490.51
2317.94	1553.61
2317.08	1443.77
2316.21	1521.26
2315.34	1549.75
2314.47	1511.99
2313.6	1485.76
2312.74	1534.38
2311.87	1502.4
2311	1461.8
2310.13	1435.6
2309.26	1524.47
2308.39	1564.41
2307.52	1543.96
2306.65	1471.77
2305.78	1457.09
2304.91	1540.11
2304.04	1450.73
2303.17	1545.21
2302.3	1461.61
2301.43	1510.11
2300.56	1492.57
2299.69	1532.43
2298.82	1549.32
2297.95	1503.1
2297.07	1488.45
2296.2	1488.13
2295.33	1530.82
2294.46	1510.43
2293.58	1590.35
2292.71	1664.5
2291.84	1532.4
2290.97	1589.35
2290.09	1494.53
2289.22	1488.49
2288.35	1528.24
2287.47	1513.61
2286.6	1539.04
2285.72	1521.56
2284.85	1518.37
2283.98	1480.89
2283.1	1454.85
2282.23	1548.85
2281.35	1528.52
2280.48	1616.75
2279.6	1496.46
2278.73	1533.26
2277.85	1558.63
2276.97	1595.4
2276.1	1620.75
2275.22	1646.08
2274.34	1528.79
2273.47	1531.32
2272.59	1573.76
2271.71	1556.32
2270.84	1578.79
2269.96	1578.46
2269.08	1555.33
2268.2	1600.57
2267.33	1580.3
2266.45	1631.21
2265.57	1605.25
2264.69	1579.3
2263.81	1641.55
2262.93	1615.6
2262.05	1583.98
2261.17	1589.33
2260.29	1660.06
2259.42	1608.55
2258.54	1625.25
2257.66	1627.75
2256.78	1613.2
2255.89	1638.42
2255.01	1649.42
2254.13	1646.23
2253.25	1608.99
2252.37	1713.62
2251.49	1693.4
2250.61	1607.97
2249.73	1579.27
2248.84	1649.8
2247.96	1635.28
2247.08	1677.43
2246.2	1657.25
2245.31	1696.54
2244.43	1622.56
2243.55	1783.58
2242.67	1616.21
2241.78	1692.27
2240.9	1680.59
2240.01	1615.17
2239.13	1694.01
2238.25	1603.17
2237.36	1693.29
2236.48	1738.15
2235.59	1734.95
2234.71	1638.53
2233.82	1714.44
2232.94	1694.3
2232.05	1713.7
2231.17	1727.45
2230.28	1715.79
2229.39	1808.53
2228.51	1672.74
2227.62	1661.11
2226.74	1683.31
2225.85	1725.23
2224.96	1750.23
2224.07	1690.68
2223.19	1712.85
2222.3	1805.43
2221.41	1692.41
2220.52	1753.98
2219.64	1790.2
2218.75	1713.83
2217.86	1831.63
2216.97	1755.29
2216.08	1819.6
2215.19	1636.44
2214.3	1681.07
2213.41	1663.84
2212.52	1770.26
2211.63	1753.03
2210.74	1820.06
2209.85	1800.01
2208.96	1768.74
2208.07	1757.13
2207.18	1798.85
2206.29	1725.51
2205.4	1828.93
2204.51	1808.9
2203.62	1825.34
2202.72	1788.5
2201.83	1846.97
2200.94	1815.75
2200.05	1742.52
2199.15	1795.36
2198.26	1814.58
2197.37	1836.58
2196.48	1808.19
2195.58	1793.81
2194.69	1871.76
2193.79	1848.98
2192.9	1834.6
2192.01	1786.67
2191.11	1814.24
2190.22	1920.05
2189.32	1830.22
2188.43	1868.93
2187.53	1815.46
2186.64	1865.33
2185.74	1904.01
2184.85	1797.53
2183.95	1880.86
2183.05	1838.6
2182.16	1880.05
2181.26	1809.92
2180.37	1829.04
2179.47	1825.86
2178.57	1856.12
2177.67	1825.07
2176.78	1872.03
2175.88	1782.5
2174.98	1843.37
2174.08	1784.51
2173.19	1825.87
2172.29	1934
2171.39	1891.85
2170.49	1858.06
2169.59	1827.06
2168.69	1896.17
2167.79	1867.96
2166.89	1862
2165.99	1839.36
2165.09	1905.63
2164.19	1883
2163.29	1932.57
2162.39	1834.98
2161.49	1890.09
2160.59	1878.58
2159.69	1919.79
2158.79	1877.76
2157.89	1988.27
2156.98	1888.03
2156.08	1907.02
2155.18	1953.72
2154.28	1850.78
2153.38	1878.07
2152.47	1944.13
2151.57	1938.16
2150.67	1926.67
2149.76	1826.61
2148.86	1978.4
2147.96	1914.34
2147.05	1958.17
2146.15	1855.43
2145.24	1965.61
2144.34	1937.54
2143.43	1978.56
2142.53	1956.03
2141.62	1927.98
2140.72	1968.98
2139.81	1990.63
2138.91	2075.76
2138	1945.6
2137.1	2025.19
2136.19	1975.09
2135.28	2032.57
2134.38	1971.46
2133.47	2078.54
2132.56	1965.09
2131.66	1992.21
2130.75	2008.3
2129.84	2049.17
2128.93	1971.62
2128.02	1995.96
2127.12	2001.02
2126.21	2033.61
2125.3	2055.17
2124.39	2098.72
2123.48	1977.26
2122.57	2051.06
2121.66	1990.13
2120.75	2096.87
2119.84	1997.5
2118.93	2076.72
2118.02	2059.78
2117.11	2086.78
2116.2	2080.83
2115.29	1989.8
2114.38	2123.81
2113.47	2123.34
2112.56	2109.16
2111.64	2051.11
2110.73	2094.52
2109.82	2129.68
2108.91	2082.63
2108	2131.48
2107.08	2078.97
2106.17	2209.95
2105.26	2187.56
2104.34	2162.44
2103.43	2079.86
2102.52	2172.42
2101.6	2169.2
2100.69	2239.83
2099.77	2211.99
2098.86	2124.02
2097.94	2178.21
2097.03	2202.31
2096.11	2190.9
2095.2	2135.78
2094.28	2067.04
2093.37	2216.73
2092.45	2167.11
2091.54	2139.34
2090.62	2179.78
2089.7	2195.66
2088.79	2206.08
2087.87	2290.1
2086.95	2150.58
2086.03	2155.55
2085.12	2144.17
2084.2	2181.83
2083.28	2222.19
2082.36	2262.53
2081.44	2204.86
2080.53	2223.42
2079.61	2214.76
2078.69	2211.54
2077.77	2303.51
2076.85	2283.96
2075.93	2163.84
2075.01	2185.1
2074.09	2247.1
2073.17	2352.55
2072.25	2294.98
2071.33	2316.19
2070.41	2321.1
2069.49	2241.87
2068.56	2328.2
2067.64	2240.86
2066.72	2226.79
2065.8	2364.59
2064.88	2355.92
2063.96	2274.08
2063.03	2330.47
2062.11	2270.34
2061.19	2321.3
2060.26	2201.62
2059.34	2322.96
2058.42	2327.85
2057.49	2219.07
2056.57	2278.1
2055.64	2304.63
2054.72	2412.28
2053.8	2311.7
2052.87	2316.58
2051.95	2283.63
2051.02	2310.13
2050.09	2242.08
2049.17	2349.6
2048.24	2330.16
2047.32	2335.03
2046.39	2318.31
2045.46	2420.32
2044.54	2403.58
2043.61	2373.37
2042.68	2335.08
2041.76	2485.52
2040.83	2398.71
2039.9	2352.35
2038.97	2394.92
2038.04	2415.92
2037.12	2439.61
2036.19	2490.2
2035.26	2527.32
2034.33	2489.07
2033.4	2458.91
2032.47	2466.42
2031.55	2194.74
2031.54	2447.03
2030.63	2490.44
2030.61	2613.16
2029.71	2593.06
2029.68	2410.97
2028.79	2530.22
2028.75	2504.47
2027.86	2630.08
2027.82	2571.07
2026.94	2594.36
2026.89	2573.17
2026.02	2577.63
2025.96	2508.13
2025.1	2590.71
2025.03	2469.97
2024.17	2481.86
2024.1	2480.14
2023.25	2600.6
2023.16	2447.37
2022.33	2510.75
2022.23	2473.64
2021.4	2507.58
2021.3	2491.85
2020.48	2517.95
2020.37	2434.96
2019.56	2425.45
2019.44	2485.34
2018.63	2465.61
2018.5	2519.62
2017.71	2424.56
2017.57	2441.33
2016.79	2470.11
2016.64	2526.5
2015.86	2531.87
2015.7	2453.6
2014.94	2580.09
2014.77	2474.46
2014.01	2585.02
2013.84	2465.86
2013.09	2595.36
2012.9	2435.85
2012.16	2557.04
2011.97	2435.29
2011.24	2640.35
2011.03	2536.4
2010.31	2483.15
2010.1	2487.67
2009.39	2547.52
2009.16	2516.51
2008.46	2590.27
2008.23	2419.68
2007.54	2543.88
2007.29	2435.16
2006.61	2559.61
2006.36	2506.75
2005.68	2551.04
2005.42	2466.1
2004.76	2628.84
2004.49	2468.2
2003.83	2517.71
2003.55	2526.38
2002.9	2528.04
2002.61	2560.51
2001.98	2551.84
2001.68	2562.59
2001.05	2599.92
2000.74	2535.31
2000.12	2621
1999.8	2513.38
1999.2	2571.99
1998.87	2552.81
1998.27	2506.82
1997.93	2586.89
1997.34	2541.38
1996.99	2479.64
1996.41	2648.69
1996.05	2644.33
1995.49	2718.24
1995.12	2651.71
1994.56	2698.88
1994.18	2600.48
1993.63	2679.52
1993.24	2615.86
1992.7	2592.86
1992.3	2593.94
1991.77	2616.6
1991.36	2542.75
1990.84	2608.04
1990.42	2635.33
1989.91	2717.88
1989.48	2693.27
1988.98	2607.06
1988.54	2596.86
1988.06	2606.57
1987.6	2678.71
1987.13	2643.73
1986.66	2659.47
1986.2	2621.72
1985.72	2669.49
1985.27	2761.03
1984.78	2607.73
1984.34	2747.07
1983.84	2636.36
1983.41	2614.87
1982.9	2664.97
1982.48	2764.84
1981.96	2720.13
1981.54	2729.4
1981.02	2642.48
1980.61	2728.88
1980.08	2668.41
1979.68	2749.85
1979.14	2604.08
1978.75	2719.79
1978.19	2622.05
1977.82	2713.91
1977.25	2701.04
1976.89	2716.08
1976.31	2748.15
1975.96	2790.7
1975.37	2691.82
1975.03	2771.39
1974.42	2704.45
1974.09	2717.22
1973.48	2661.4
1973.16	2708.65
1972.54	2782.68
1972.23	2670.6
1971.59	2662.8
1971.3	2715.67
1970.65	2704.56
1970.36	2704.43
1969.71	2711.87
1969.43	2770.91
1968.76	2780.08
1968.5	2789.14
1967.82	2771.48
1967.56	2855.57
1966.87	2794.65
1966.63	2718.44
1965.93	2780.76
1965.7	2862.52
1964.98	2774.82
1964.76	2896.77
1964.04	2745.08
1963.83	2722.23
1963.09	2781.44
1962.9	2887.64
1962.15	2754.36
1961.96	2852.3
1961.2	2819.78
1961.03	2878.5
1960.25	2763.63
1960.09	2910.05
1959.31	2781.47
1959.16	2834.61
1958.36	2775.53
1958.22	2890.22
1957.41	2716.79
1957.29	2889.66
1956.47	2866.6
1956.35	2873.07
1955.52	2863.29
1955.42	2867.17
1954.57	2865.25
1954.48	2904.02
1953.62	2788.08
1953.54	2986.27
1952.68	2821.7
1952.61	2905.57
1951.73	2886.94
1951.67	2872.97
1950.78	2915.26
1950.74	3003.23
1949.83	2824.97
1949.8	2917.24
1948.88	2908.6
1948.86	2964.71
1947.93	2868.4
1947.92	2910.77
1946.99	2992.9
1946.98	2833.49
1946.05	2917.65
1946.03	2867.04
1945.11	2879.75
1945.08	2913.74
1944.17	2855.2
1944.13	2947.26
1943.24	2865.31
1943.18	2862.37
1942.3	2960.69
1942.23	2964.27
1941.36	2834.89
1941.28	3013.52
1940.42	3002.16
1940.33	2902.39
1939.48	2948.31
1939.38	2996.32
1938.54	2982.35
1938.43	3006.11
1937.61	3058.98
1937.48	2916.08
1936.67	2999.83
1936.52	3015.19
1935.73	3025.85
1935.57	2982.96
1934.79	2998.66
1934.62	2963.87
1933.85	3016.69
1933.67	2976.28
1932.91	3063.98
1932.71	3080.53
1931.97	3074.02
1931.76	2972.24
1931.03	3081.39
1930.81	3068.56
1930.09	3078.13
1929.86	2970.81
1929.15	2989.83
1928.9	2891.46
1928.2	3103.5
1927.95	2987.73
1927.26	3097.58
1926.99	3136.37
1926.32	3139.47
1926.04	3064.89
1925.38	2990.14
1925.08	3092.96
1924.44	3095.75
1924.13	3063.41
1923.5	3111.07
1923.17	3083.62
1922.56	3028.19
1922.22	2972.96
1921.61	3149.65
1921.26	3016.73
1920.67	3088.02
1920.31	3068.32
1919.73	3137.8
1919.35	3080.65
1918.79	3203.48
1918.4	3053.76
1917.84	3189.6
1917.44	3013.82
1916.9	3141.25
1916.48	3083.65
1915.96	3135.33
1915.53	3122.1
1915.01	3193.01
1914.57	3134.4
1914.07	3181.78
1913.61	3029.19
1913.13	3231.48
1912.65	3138.11
1912.18	3214.95
1911.7	3160.84
1911.24	3306.98
1910.74	3102.67
1910.29	3136.91
1909.78	3120.18
1909.35	3255.39
1908.82	3142.89
1908.4	3217.7
1907.86	3168.21
1907.46	3288.49
1906.9	3308.21
1906.51	3298.42
1905.94	3200.55
1905.57	3213.14
1904.99	3158.08
1904.62	3291.82
1904.03	3185.97
1903.68	3354.61
1903.07	3203.43
1902.73	3309.02
1902.11	3153.18
1901.78	3252.87
1901.14	3246.12
1900.84	3209.95
1900.18	3146.43
1899.89	3238.37
1899.22	3182.09
1898.95	3258.85
1898.26	3183.92
1898	3313.65
1897.3	3214.35
1897.05	3373.7
1896.34	3187.57
1896.1	3280.65
1895.38	3217.98
1895.16	3359.16
1894.42	3211.99
1894.21	3266.15
1893.45	3226.8
1893.26	3389.47
1892.49	3270.16
1892.31	3314.96
1891.53	3240.8
1891.37	3293.2
1890.57	3297.12
1890.42	3345.26
1889.6	3311.88
1889.47	3341.96
1888.64	3303.29
1888.52	3422.98
1887.67	3232.43
1887.57	3403.85
1886.71	3203.11
1886.62	3329.41
1885.75	3298.26
1885.67	3360.35
1884.78	3331.15
1884.72	3401.8
1883.82	3224.07
1883.77	3256.34
1882.85	3259.55
1882.82	3224.1
1881.89	3372.73
1881.87	3255.03
1880.92	3385.92
1880.92	3327.87
1879.97	3445.73
1879.96	3293.39
1879.02	3431.89
1878.99	3251.16
1878.07	3418.05
1878.03	3359.05
1877.12	3377.93
1877.06	3324.59
1876.17	3319.43
1876.09	3287.55
1875.22	3423.87
1875.13	3395.35
1874.27	3475.72
1874.16	3301.44
1873.31	3451.38
1873.19	3341.97
1872.36	3434.93
1872.22	3343.73
1871.41	3447.36
1871.26	3280.9
1870.46	3451.92
1870.29	3277.5
1869.5	3464.34
1869.32	3330.91
1868.55	3455.77
1868.35	3402.37
1867.6	3518.03
1867.38	3398.94
1866.65	3498.96
1866.41	3400.67
1865.69	3506.12
1865.44	3299.23
1864.74	3529.01
1864.48	3401.56
1863.79	3418.2
1863.51	3423.92
1862.83	3522.33
1862.54	3513.28
1861.88	3492.8
1861.57	3499.52
1860.92	3607.36
1860.6	3534.71
1859.97	3619.72
1859.62	3312.32
1859.01	3511.62
1858.65	3527.8
1858.06	3552.8
1857.68	3599
1857.1	3591.34
1856.71	3541.47
1856.15	3567.05
1855.74	3543.16
1855.19	3684.07
1854.77	3586
1854.24	3636.23
1853.8	3474.51
1853.28	3583.18
1852.82	3519.92
1852.33	3645.21
1851.85	3531.89
1851.37	3610.48
1850.88	3456.48
1850.41	3599.29
1849.91	3435.06
1849.46	3661.28
1848.93	3493.27
1848.5	3626.56
1847.96	3492.39
1847.54	3644.11
1846.98	3460.7
1846.59	3546.73
1846.01	3518.86
1845.63	3650.45
1845.04	3482.05
1844.67	3545.28
1844.06	3445.26
1843.71	3680.28
1843.09	3429
1842.75	3650.82
1842.11	3448.64
1841.8	3634.42
1841.14	3429.83
1840.84	3685.85
1840.16	3431.52
1839.88	3656.4
1839.19	3446.02
1838.92	3567
1838.21	3488.7
1837.96	3631.44
1837.23	3467.32
1837	3737.56
1836.26	3540.69
1836.04	3583.05
1835.28	3460.44
1835.08	3733.42
1834.3	3495.39
1834.12	3748.28
1833.33	3494.5
1833.16	3692.82
1832.35	3526.86
1832.2	3676.44
1831.37	3523.4
1831.24	3608
1830.39	3420.26
1830.28	3719.18
1829.41	3493.5
1829.32	3718.41
1828.44	3477.28
1828.36	3709.84
1827.46	3540.24
1827.4	3740.29
1826.48	3631.27
1826.44	3716.11
1825.5	3563.96
1825.48	3756.95
1824.52	3593.68
1824.52	3693.79
1823.55	3719.01
1823.54	3521.31
1822.59	3642.89
1822.56	3438.78
1821.63	3746.05
1821.58	3593.47
1820.67	3737.49
1820.6	3628.24
1819.7	3723.73
1819.62	3622.21
1818.74	3876.14
1818.64	3598.35
1817.78	3696.24
1817.66	3678.95
1816.81	3820.04
1816.67	3553.19
1815.85	3762.17
1815.69	3577.74
1814.89	3745.83
1814.71	3732.11
1813.92	3760.61
1813.73	3580.99
1812.96	3775.39
1812.75	3567.34
1811.99	3797.94
1811.76	3640.19
1811.03	3734.95
1810.78	3616.36
1810.06	3749.72
1809.8	3554.41
1809.1	3769.67
1808.81	3675.5
1808.13	3812.92
1807.83	3580.52
1807.17	3806.95
1806.85	3607.54
1806.2	3811.34
1805.86	3659.94
1805.24	3818.31
1804.88	3618.36
1804.27	3765.76
1803.89	3599.65
1803.31	3899.53
1802.91	3646.94
1802.34	3852.15
1801.92	3666.29
1801.37	3897.91
1800.94	3647.58
1800.41	3928.13
1799.95	3735.38
1799.44	3818.72
1798.96	3645.68
1798.47	3833.44
1797.98	3657.4
1797.51	3879.16
1796.99	3570.29
1796.54	3855.1
1796	3721.35
1795.57	3893.04
1795.02	3778.63
1794.6	3868.98
1794.03	3651.04
1793.63	3878.51
1793.04	3705.78
1792.67	3864.79
1792.05	3704.8
1791.7	3879.47
1791.07	3769.61
1790.73	3950.92
1790.08	3819.21
1789.76	3823.67
1789.09	3671.55
1788.79	3928.63
1788.1	3794.45
1787.82	3881.39
1787.11	3854.11
1786.85	3968.24
1786.12	3789.93
1785.88	4000.92
1785.13	3811.66
1784.91	3948.54
1784.14	3742.47
1783.94	3911.64
1783.15	3769.26
1782.97	3928.85
1782.16	3879.32
1782	4049.09
1781.17	3837.92
1781.03	4143.52
1780.18	3804.11
1780.06	3998.47
1779.19	3745.1
1779.09	3997.64
1778.2	3819.75
1778.12	4068.86
1777.2	3712.87
1777.14	4065.43
1776.21	3868.12
1776.17	4064.58
1775.22	3867.09
1775.2	4063.73
1774.23	3972.87
1774.23	3866.07
1773.26	3979.75
1773.23	3940.58
1772.28	4076.59
1772.24	3997.43
1771.31	4145.12
1771.25	4190.14
1770.34	4110.84
1770.25	4010.39
1769.36	4138.23
1769.26	4082.26
1768.39	4132.23
1768.27	4186.79
1767.42	4087.71
1767.27	4200.75
1766.44	4104.82
1766.28	3988.52
1765.47	4001.29
1765.28	3927.15
1764.49	4008.14
1764.29	3918.56
1763.52	4184.32
1763.29	3902.44
1762.55	4111.62
1762.29	3939.06
1761.57	4113.31
1761.3	3895.33
1760.6	4135.52
1760.3	3788.9
1759.62	4203.86
1759.31	3928.36
1758.64	4144.03
1758.31	3736.7
1757.67	4063.72
1757.31	3901.17
1756.69	4147.4
1756.31	3834.95
1755.72	4184.94
1755.32	3909.09
1754.74	4120.04
1754.32	3797.81
1753.76	4114.05
1753.32	3801.79
1752.79	4095.26
1752.32	3848.34
1751.81	4245.38
1751.32	3809.75
1750.83	4167.73
1749.86	4281.95
1748.88	4275.93
1747.9	4315.93
1746.92	4207.65
1745.94	4204.21
1744.97	4297.86
1743.99	4243.3
1743.01	4198.98
1742.03	4213.41
1741.05	4148.69
1740.07	4221.83
1739.09	4220.94
1738.11	4355.26
1737.13	4298.22
1736.15	4208.04
1735.17	4278.54
1734.19	4292.93
1733.21	4345.54
1732.23	4336.97
1731.25	4221.4
1730.27	4217.96
1729.28	4267.99
1728.3	4325.64
1727.32	4385.81
1726.34	4364.51
1725.35	4299.97
1724.37	4385.55
1723.39	4392.24
1722.41	4322.65
1721.42	4380.2
1720.44	4325.89
1719.45	4363.08
1718.47	4484.1
1717.49	4401.86
1716.5	4466.94
1715.52	4369.51
1714.53	4383.8
1713.55	4469.15
1712.56	4600.14
1711.58	4500.22
1710.59	4537.3
1709.6	4620
1708.62	4456.77
1707.63	4574.94
1706.65	4556.22
1705.66	4714.85
1704.67	4622.65
1703.68	4712.83
1702.7	4754.86
1701.71	4695.62
1700.72	4818.62
1699.73	4842.89
1698.75	4798.84
1697.76	4792.75
1696.77	4862.52
1695.78	4735.08
1694.79	4913.51
1693.8	4808.85
1692.81	4845.71
1691.82	4849.72
1690.83	5022.93
1689.84	4971.35
1688.85	5114.16
1687.86	5155.96
1686.87	5240.64
1685.88	5305.1
1684.89	5417.45
1683.9	5451.58
1682.9	5578.98
1681.91	5605.5
1680.92	5644.61
1679.93	5721.49
1678.94	5868.87
1677.94	5998.55
1676.95	6065.23
1675.96	6242.64
1674.96	6528.19
1673.97	6813.62
1672.98	7061.18
1671.98	7376.55
1670.99	7684.23
1669.99	8250.72
1669	8701.34
1668	9551.31
1667.01	11018.9
1666.01	12355.3
1665.02	13899.5
1664.02	15626.4
1663.03	16767.6
1662.03	17587.1
1661.03	17789
1660.04	18229.2
1659.04	18804.6
1658.04	19968.9
1657.05	22065.3
1656.05	24138.3
1655.05	26200.3
1654.05	27119
1653.05	26479.5
1652.06	24836
1651.06	22762.6
1650.06	20407.3
1649.06	18200.7
1648.06	16332.8
1647.06	15131
1646.06	13914.8
1645.06	13106.7
1644.06	12556.4
1643.06	11806.4
1642.06	11269.1
1641.06	10854.4
1640.06	10307.6
1639.06	10095.6
1638.06	9913.65
1637.05	9826.62
1636.05	10029.1
1635.05	9964.54
1634.05	10271.7
1633.05	10656
1632.04	11027.6
1631.04	12132
1630.04	13811.5
1629.03	15542.7
1628.03	18237.1
1627.03	21169.4
1626.02	23473
1625.02	25108.4
1624.01	25993.9
1623.01	25848.9
1622	24858.1
1621	24322.9
1619.99	24044
1618.99	25117.7
1617.98	26347.6
1616.98	27686.2
1615.97	28639.2
1614.96	29087.5
1613.96	27881.6
1612.95	25300.7
1611.94	22482.7
1610.94	19991
1609.93	17775.8
1608.92	15980.8
1607.91	14397.4
1606.9	13060.2
1605.9	12363.2
1604.89	11155.9
1603.88	10343.1
1602.87	9748.76
1601.86	9119.96
1600.85	8583.06
1599.84	8360.82
1598.83	8076.8
1597.82	7817.65
1596.81	7637.79
1595.8	7420.9
1594.79	7278.3
1593.78	7106.09
1592.77	7015.54
1591.75	7065.89
1590.74	6970.44
1589.73	6847.85
1588.72	6878.45
1587.71	6988.05
1586.69	7144.51
1585.68	7088.63
1584.67	7136.42
1583.65	7408.69
1582.64	7624.11
1581.63	7809.84
1580.61	7877.15
1579.6	8210.64
1578.58	8723.88
1577.57	9167.9
1576.55	9370.32
1575.54	10141.6
1574.52	10914.9
1573.51	11623.9
1572.49	12312.9
1571.48	13178.7
1570.46	13675.2
1569.44	14262.5
1568.43	14758.5
1567.41	15089.5
1566.39	15120.6
1565.38	14925.6
1564.36	14779.8
1563.34	14128
1562.32	13515.9
1561.3	12653.6
1560.29	11759.8
1559.27	10920.4
1558.25	10130.4
1557.23	9470.75
1556.21	8897.24
1555.19	8223.46
1554.17	7780.4
1553.15	7484.58
1552.13	7397.16
1551.11	7020.72
1550.09	6867.31
1549.07	6657.66
1548.05	6467.68
1547.02	6353.65
1546	6432.99
1544.98	6326.36
1543.96	6229.56
1542.94	6000.76
1541.91	6109.44
1540.89	6049.41
1539.87	6077.39
1538.84	5953.88
1537.82	6020.94
1536.8	5956.1
1535.77	5901.06
1534.75	5929.03
1533.72	6005.8
1532.7	5992.26
1531.67	5925.06
1530.65	5984.71
1529.62	6188.18
1528.6	6135.6
1527.57	6248.78
1526.55	6308.29
1525.52	6572.41
1524.49	6773.08
1523.47	7161.16
1522.44	7731.64
1521.41	8223.98
1520.39	8377.87
1519.36	8383.29
1518.33	7829.3
1517.3	7414.16
1516.27	7154.79
1515.25	7063.26
1514.22	7175.89
1513.19	7392.93
1512.16	7728.89
1511.13	7792.72
1510.1	7638.02
1509.07	7400.86
1508.04	6989.07
1507.01	6713.34
1505.98	6386.79
1504.95	6375.65
1503.92	6189.95
1502.88	6064.93
1501.85	5949.66
1500.82	5974.98
1499.79	5874.31
1498.76	5916.59
1497.72	5951.57
1496.69	5814.67
1495.66	5794
1494.63	5925.77
1493.59	6028.46
1492.56	5954.54
1491.52	6059.59
1490.49	6060.64
1489.46	5994.02
1488.42	6074.82
1487.39	5943
1486.35	6117.97
1485.32	5949.97
1484.28	6021.05
1483.24	6053.48
1482.21	6093.14
1481.17	6258.23
1480.14	5969.78
1479.1	6146.88
1478.06	6123.79
1477.03	6238.1
1475.99	6282.48
1474.95	6302.74
1473.91	6455.47
1472.87	6311.93
1471.84	6382.73
1470.8	6330.73
1469.76	6509.79
1468.72	6431.32
1467.68	6518.86
1466.64	6543.84
1465.6	6585.63
1464.56	6709.14
1463.52	6801.34
1462.48	6811.81
1461.44	7000.04
1460.4	7197.78
1459.36	7232.16
1458.32	7391.36
1457.27	7404.08
1456.23	7671.13
1455.19	7880.49
1454.15	7921.87
1453.11	8174.24
1452.06	8330.6
1451.02	8232.83
1449.98	8578.4
1448.93	8497.39
1447.89	8426
1446.84	8167.86
1445.8	8264.15
1444.76	8152.16
1443.71	8133.55
1442.67	7959.44
1441.62	7885.87
1440.58	7814.72
1439.53	7803.37
1438.48	7696.42
1437.44	7675.54
1436.39	7618.84
1435.34	7552.6
1434.3	7510.28
1433.25	7453.65
1432.2	7473.43
1431.16	7483.65
1430.11	7398.43
1429.06	7327.56
1428.01	7299.65
1426.96	7235.99
1425.91	7096.08
1424.86	7180.24
1423.82	6947.49
1422.77	6919.69
1421.72	7018.12
1420.67	6847.47
1419.62	6805.43
1418.57	6872.88
1417.51	6809.44
1416.46	6881.61
1415.41	6889.54
1414.36	6847.54
1413.31	6917.27
1412.26	6758.83
1411.2	6897.46
1410.15	6805.6
1409.1	6837.28
1408.05	6942.55
1406.99	6869.74
1405.94	6901.38
1404.89	7058.76
1403.83	6983.59
1402.78	7178.82
1401.72	7146.34
1400.67	7215.81
1399.61	7353.97
1398.56	7269.34
1397.5	7473.75
1396.45	7649.64
1395.39	7801.78
1394.34	7989.35
1393.28	8169.73
1392.22	8442.31
1391.17	8714.76
1390.11	9048.58
1389.05	9330.22
1387.99	9867.03
1386.94	10391.8
1385.88	10840.7
1384.82	11572.8
1383.76	12328.3
1382.7	13029
1381.64	14161.5
1380.59	15085.7
1379.53	16384.7
1378.47	17442.4
1377.41	18091.6
1376.35	18561.4
1375.29	18988.4
1374.22	18432.5
1373.16	17509.3
1372.1	16492.3
1371.04	15522.8
1369.98	14358.4
1368.92	13434.6
1367.85	12758.4
1366.79	12268.3
1365.73	11644.4
1364.67	11209
1363.6	10689
1362.54	10402.1
1361.48	9986.04
1360.41	9748.74
1359.35	9410.54
1358.28	9370.76
1357.22	9225.34
1356.15	8889.84
1355.09	8873.68
1354.02	8798.86
1352.96	8843.72
1351.89	8768.94
1350.82	8757.51
1349.76	8830.47
1348.69	9212.75
1347.62	9283.22
1346.56	9850.27
1345.49	9892.46
1344.42	10278.8
1343.35	10653.3
1342.29	11020.5
1341.22	11755
1340.15	12451.6
1339.08	13650.8
1338.01	15340.3
1336.94	17080.6
1335.87	19413.5
1334.8	20969.7
1333.73	23487.6
1332.66	25829
1331.59	28106.4
1330.52	30646.4
1329.45	32410.5
1328.38	33751.4
1327.3	33762.1
1326.23	31713.5
1325.16	28453.6
1324.09	24752.3
1323.01	21006.2
1321.94	17653.2
1320.87	15552.7
1319.79	13592.9
1318.72	12218.3
1317.65	11137.7
1316.57	10297.3
1315.5	9866.82
1314.42	9289.96
1313.35	8945.92
1312.37	7442.13
1312.27	8757.8
1311.31	8327.6
1311.2	8476.8
1310.24	8536.8
1310.12	8353.95
1309.17	8511.75
1309.05	8279.95
1308.1	8252.6
1307.97	8175.78
1307.04	8126.96
1306.89	8025.22
1305.97	8052.86
1305.82	7942.05
1304.9	8304.01
1304.74	8012.11
1303.83	8038.07
1303.66	7854.73
1302.76	8137.1
1302.58	7748.47
1301.69	7831.54
1301.51	7616.74
1300.62	7904.85
1300.43	7751.73
1299.55	7823.85
1299.35	7666.42
1298.48	7838.71
1298.27	7655.32
1297.41	7911.97
1297.19	7683.61
1296.34	7716.54
1296.11	7874.06
1295.27	8133.15
1295.03	7733.21
1294.2	8112.9
1293.95	7981.43
1293.13	8204.73
1292.87	8127.68
1292.06	8527.62
1291.79	8324.77
1290.99	8789.71
1290.71	8757.77
1289.92	9364.39
1289.63	9128.11
1288.85	10020.5
1288.55	9993.19
1287.78	11366.8
1287.47	11077.5
1286.7	12812.9
1286.39	12783.1
1285.63	14442.6
1285.31	14663.5
1284.56	16393.3
1284.22	16700.2
1283.49	17942.5
1283.14	17895
1282.41	18708
1282.06	18112.4
1281.34	18003
1280.98	17403.9
1280.27	17037.5
1279.89	16305.6
1279.19	15552.9
1278.81	14917
1278.12	14073.6
1277.73	13450.7
1277.05	12690.3
1276.64	12042.8
1275.97	11421.6
1275.56	10859.2
1274.9	10251.1
1274.47	9828.3
1273.82	9299.82
1273.39	9028.42
1272.75	8793.2
1272.3	8540.02
1271.67	8433.3
1271.22	8517.23
1270.6	8403.74
1270.13	8017.67
1269.52	8367.22
1269.05	8121.66
1268.45	8414.39
1267.96	8326.89
1267.37	8796.19
1266.88	8849.64
1266.3	9526.36
1265.79	9415.86
1265.22	10504.8
1264.7	10639.7
1264.14	11861.4
1263.62	12127.5
1263.07	13048
1262.53	13258.2
1261.99	14157.5
1261.44	13825.1
1260.91	14512.2
1260.35	13895.3
1259.84	13940.8
1259.27	13349.6
1258.76	13288.3
1258.18	12315
1257.68	12288.2
1257.09	11526.6
1256.6	11569
1256	10894.7
1255.53	10769
1254.91	10458.2
1254.45	10393.6
1253.82	10134.3
1253.37	10254.8
1252.73	9909.33
1252.29	10183.2
1251.64	9870.22
1251.21	10399
1250.55	10312.7
1250.13	10744.4
1249.46	10915.5
1249.05	11610.9
1248.37	11928.2
1247.97	12743.2
1247.28	13868.6
1246.89	14801.2
1246.19	15968.3
1245.81	17566.7
1245.1	18834.4
1244.73	20826.4
1244.01	22763.8
1243.65	24593.8
1242.91	26004.5
1242.57	28232.4
1241.82	28808.8
1241.49	30650.7
1240.73	29936.7
1240.41	30929
1239.64	28918.3
1239.33	28950.7
1238.54	26345.1
1238.25	25325.1
1237.45	22376.1
1237.17	21811.8
1236.36	19199.9
1236.08	18496.3
1235.26	16804.7
1235	16201
1234.17	15080.1
1233.92	14675.6
1233.07	13769.8
1232.84	13538.9
1231.98	12944.2
1231.75	12915.1
1230.88	12404.5
1230.67	12471.6
1229.79	11995.2
1229.59	11790.6
1228.69	11697.8
1228.5	11552.9
1227.6	11302.5
1227.42	11236.8
1226.5	10777.4
1226.34	10558.8
1225.4	10448.7
1225.25	10268.4
1224.31	9894.41
1224.17	9881.29
1223.21	9568.32
1223.08	9261.55
1222.11	9187.7
1222	9010.78
1221.02	8745.76
1220.91	8455.98
1219.92	8365.52
1219.83	8415.1
1218.82	8183.58
1218.74	8132.41
1217.72	7840.09
1217.66	7879.77
1216.62	7685.67
1216.57	7608.81
1215.53	7322
1215.48	7140.02
1214.43	6906.18
1214.4	6986.68
1213.33	6865.82
1213.31	6716.06
1212.23	6513.98
1212.22	6342.04
1211.14	6294.75
1211.13	6394.17
1210.05	6137.11
1210.03	6260.78
1208.96	6057.7
1208.93	6143.36
1207.88	5923.15
1207.83	5960.13
1206.79	5853
1206.73	5935.94
1205.7	5732.34
1205.62	5666.58
1204.61	5595.64
1204.52	5622.05
1203.52	5521
1203.42	5541.23
1202.43	5731.12
1202.32	5571.61
1201.34	5656.48
1201.22	5454.56
1200.26	5510.73
1200.11	5534.83
1199.17	5507.31
1199.01	5476.79
1198.08	5586.47
1197.91	5511.68
1196.99	5617.44
1196.81	5503.51
1195.9	5568.13
1195.7	5477.23
1194.81	5459.22
1194.6	5469.07
1193.72	5616.27
1193.49	5510.72
1192.62	5644.91
1192.39	5464.08
1191.53	5572.72
1191.28	5596.22
1190.44	5493.68
1190.18	5692.11
1189.35	5659.75
1189.07	5394.39
1188.26	5599.05
1187.97	5460.88
1187.17	5657.42
1186.86	5396.21
1186.07	5656.25
1185.76	5516.91
1184.98	5671.11
1184.65	5646.58
1183.89	5960.52
1183.54	5679.05
1182.8	6007.33
1182.44	5847.01
1181.7	6093
1181.33	5996.81
1180.61	6379.87
1180.22	6500.94
1179.52	6739.77
1179.11	6973.21
1178.42	7273.24
1178.01	8007.03
1177.33	8496.64
1176.9	9780.15
1176.24	10877.9
1175.79	12914.4
1175.14	15295.8
1174.68	17365.9
1174.05	22815.7
1173.57	22335.8
1172.95	29631.4
1172.46	25676.3
1171.86	29828.4
1171.35	25584.3
1170.76	24330.7
1170.24	21787.4
1169.67	17561.9
1169.13	16587.5
1168.57	12509.3
1168.02	12261.3
1167.47	9502.65
1166.91	9580.2
1166.38	7829.05
1165.8	7946.61
1165.28	7075
1164.69	7053.87
1164.18	6565.18
1163.57	6476.4
1163.09	6176.36
1162.46	6211.73
1161.99	6083.93
1161.35	6073.05
1160.89	5754.61
1160.24	5828.83
1159.79	5746.57
1159.13	5607.2
1158.7	5638.34
1158.01	5462.04
1157.6	5655.38
1156.9	5382.06
1156.5	5465.27
1155.78	5362.74
1155.4	5457.29
1154.67	5491.54
1154.3	5317.36
1153.56	5301.68
1153.2	5279.85
1152.44	5201.63
1152.11	5342.42
1151.33	5189.1
1151.01	5145.75
1150.21	5140.69
1149.91	5181.04
1149.1	5018.35
1148.81	5211.78
1147.98	5093.26
1147.71	5049.34
1146.86	5031.47
1146.61	5095.99
1145.75	5142.17
1145.51	5072.21
1144.63	5064.73
1144.4	5064.33
1143.52	4985.09
1143.3	5008.77
1142.4	4981.57
1142.2	4964.58
1141.28	5042.94
1141.1	5083.82
1140.16	4985.73
1140	5039.64
1139.05	5004.58
1138.9	5129.32
1137.93	4864.69
1137.79	5162.26
1136.81	5089.18
1136.69	5267.75
1135.69	5065.53
1135.59	5309.72
1134.57	5225.07
1134.49	5274.59
1133.45	5223.73
1133.38	5266.68
1132.33	5284.9
1132.28	5539.72
1131.21	5238.9
1131.18	5611.04
1130.09	5471.87
1130.07	5675.53
1128.97	5606.55
1128.97	5771.69
1127.86	5958.37
1127.85	5680.94
1126.76	5945.79
1126.73	5675.01
1125.65	6001.1
1125.61	5588.84
1124.55	5972.68
1124.49	5645.34
1123.44	5790.46
1123.36	5632.74
1122.34	5798.27
1122.24	5433.03
1121.23	5568.69
1121.12	5382.63
1120.13	5730.26
1120	5532.63
1119.02	5692.88
1118.87	5564.59
1117.91	5874.69
1117.75	5616.55
1116.81	5961.54
1116.63	5646.24
1115.7	6068.68
1115.5	6140.75
1114.59	6659
1114.38	6392.64
1113.49	7258.1
1113.25	6804.45
1112.38	7759.88
1112.13	7331.6
1111.27	8460.03
1111	7674.07
1110.16	8758.29
1109.88	8120.76
1109.05	8993.27
1108.75	8305.18
1107.95	9083.81
1107.62	8525.02
1106.84	8917.28
1106.5	8183.22
1105.73	8360.84
1105.37	7768.36
1104.62	7703.22
1104.24	7391.44
1103.51	7113.48
1103.12	6779.63
1102.4	6526.24
1101.99	6341.08
1101.29	6177.99
1100.86	5980.33
1100.18	6005.53
1099.73	5710.63
1099.07	5763.35
1098.61	5527.47
1097.96	5573.05
1097.48	5430.78
1096.85	5540.35
1096.35	5298.72
1095.74	5406.42
1095.22	5177.79
1094.62	5214.06
1094.09	5079.05
1093.51	5291.66
1092.96	5146.3
1092.4	5187.09
1091.83	5105.14
1091.29	5053.35
1090.7	4869.39
1090.18	5101.71
1089.57	4925.59
1089.06	5100.61
1088.44	4933.13
1087.95	4913.06
1087.3	4704.24
1086.84	4903.02
1086.17	4700.79
1085.72	5003.01
1085.04	4650.96
1084.61	4941.32
1083.91	4656.36
1083.5	4825.78
1082.78	4641.88
1082.38	4954.89
1081.64	4581.08
1081.27	4839.4
1080.51	4557.8
1080.15	4793.5
1079.38	4549.98
1079.04	4826.1
1078.24	4667.84
1077.92	4726.41
1077.11	4492.46
1076.81	4759.01
1075.97	4500.08
1075.69	4789.36
1074.84	4492.27
1074.58	4696.46
1073.7	4438.22
1073.46	4755.93
1072.57	4494.29
1072.35	4766.1
1071.43	4475.48
1071.23	4735.96
1070.3	4524.91
1070.11	4710.31
1069.16	4468.7
1069	4756.29
1068.02	4447.71
1067.88	4840.29
1066.89	4483.91
1066.76	4859.38
1065.75	4535.47
1065.64	4744.25
1064.61	4598
1064.53	4770.06
1063.47	4366.05
1063.41	4710.89
1062.34	4470.33
1062.29	4835.05
1061.2	4394.46
1061.17	4744.61
1060.06	4375.72
1060.05	4826.25
1058.93	4845.3
1058.92	4405.27
1057.81	4761.62
1057.78	4557.7
1056.69	4811.94
1056.64	4545.5
1055.57	4739.45
1055.5	4535.51
1054.45	4881.27
1054.36	4448.78
1053.33	4985.08
1053.22	4647.05
1052.21	4995.15
1052.08	4678.67
1051.09	4967.3
1050.94	4651.12
1049.97	5133.47
1049.8	4625.78
1048.85	5181.4
1048.66	4734.01
1047.73	5135.69
1047.51	4702.09
1046.61	5170.22
1046.37	4753.34
1045.48	5117.85
1045.23	4889.89
1044.36	5234.8
1044.09	4838.26
1043.24	5235.88
1042.94	4758.23
1042.12	5301.53
1041.8	4844.38
1040.99	5347.13
1040.66	4974.2
1039.87	5506.2
1039.51	5147.64
1038.75	5498.32
1038.37	4999.89
1037.62	5392.56
1037.22	4985.43
1036.5	5371.36
1036.08	4997.17
1035.37	5343.5
1034.93	5063.47
1034.25	5440.16
1033.79	4902.81
1033.12	5507.87
1032.64	5025.81
1032	5446.66
1031.49	4928.49
1030.87	5427.69
1030.35	5084.11
1029.75	5544.23
1029.2	5067.47
1028.62	5747.32
1028.05	5212.07
1027.5	5814.89
1026.9	5315.21
1026.37	5962.34
1025.76	5505.39
1025.24	6158.55
1024.61	5665
1024.12	6518.86
1023.46	5922.45
1022.99	6639.44
1022.31	6245.05
1021.86	7114.82
1021.16	6332.52
1020.74	7237.42
1020.01	6446.05
1019.61	7337.81
1018.86	6563.85
1018.48	7251.97
1017.71	6366.43
1017.35	6982.25
1016.56	6225.6
1016.22	6519.91
1015.41	6080.51
1015.1	6279.27
1014.26	6002.82
1013.97	6235.81
1013.11	5807.92
1012.84	6342.92
1011.96	5671.74
1011.71	6277.33
1010.8	5611.59
1010.58	6227.26
1009.65	5577.49
1009.45	5927.21
1008.5	5532.57
1008.32	5764.43
1007.35	5273.02
1007.19	5769.79
1006.19	5141.51
1006.06	5713.24
1005.04	5092.41
1004.93	5435.66
1003.88	4997.84
1003.79	5423.41
1002.73	4857.84
1002.66	5380.23
1001.58	4958.25
1001.53	5350.33
1000.42	4801.02
1000.4	5302.76
999.267	5228.73
999.266	4784.54
998.135	5156.93
998.11	4657.73
997.002	5085.16
996.954	4660.75
995.869	5031.07
995.798	4607.56
994.736	4981.42
994.641	4530.62
993.602	5044.28
993.484	4496.93
992.469	5018.91
992.327	4549.68
991.335	5031.03
991.17	4444.74
990.2	5113.67
990.012	4506.11
989.066	4934.04
988.853	4491.9
987.931	4882.27
987.695	4397.84
986.796	5028.77
985.661	5054.08
984.526	5178.45
983.39	5142.08
982.254	5224.57
981.118	5359.83
979.981	5572.01
978.844	5792.9
977.707	6167.6
976.57	6885.08
975.433	8103.33
974.295	9538.57
973.157	11265.4
972.019	12185.3
970.88	11499.7
969.741	9813.28
968.602	8268.09
967.463	7109.81
966.324	6305.26
965.184	5784.01
964.044	5493.26
962.904	5312.25
961.763	5146.67
960.622	5035.95
959.481	4938.42
958.34	4851.89
957.198	4811.38
956.056	4915.4
954.914	4995.3
953.772	5092.66
952.629	5281.88
951.487	5236.95
950.344	5104.55
949.2	4939.42
948.057	4835.57
946.913	4806.07
945.769	4726.33
944.624	4572.35
943.48	4656.5
942.335	4651.09
941.189	4617.3
940.044	4764.68
938.898	4597.77
937.753	4675.28
936.606	4696.04
935.46	4732.05
934.313	4735.35
933.166	4699.41
932.019	4768.09
930.872	4725.62
929.724	4785.55
928.576	4701.72
927.428	4711.54
926.279	4706.13
925.13	4731.18
923.981	4717.06
922.832	4720.35
921.683	4695.36
920.533	4703
919.383	4738.9
918.232	4724.79
917.082	4747.62
915.931	4807.37
914.78	4834.52
913.628	4894.23
912.477	4830.17
911.325	4972.32
910.173	4825.82
909.02	4826.89
907.868	4847.49
906.715	4826.88
905.562	4819.28
904.408	4922.23
903.255	4728.26
902.101	4785.68
900.946	4797.59
899.792	4800.84
898.637	4804.08
897.482	4878.75
896.327	4907.94
895.171	4846.25
894.016	4925.18
892.859	4893.78
891.703	4834.3
890.547	4878.59
889.39	4888.29
888.233	4986.57
887.075	4968.15
885.918	5148.43
884.76	5106.24
883.602	5141.77
882.443	5235.56
881.284	5478.18
880.125	5627.93
878.966	5646.06
877.807	5808.64
876.647	6193.18
875.487	6418.06
874.327	6785.05
873.166	7425.45
872.005	7949.25
870.844	8679.53
869.683	9753.9
868.521	11294.8
867.36	13218
866.197	16351.5
865.035	20877.2
863.872	28232.8
862.709	37444.5
861.546	45798.7
860.383	49052.2
859.219	43857.2
858.055	35518.1
856.891	27109.7
855.726	21470.3
854.562	16994.6
853.397	14192.5
852.231	12082.5
851.066	10685.6
849.9	9647.46
848.734	8849.88
847.567	8425.6
846.401	8042.24
845.234	7914
844.066	7764.39
842.899	7929.64
841.731	8302.48
840.563	9058.29
839.395	10237.5
838.227	11848.3
837.058	12705.4
835.889	12199.9
834.719	10831
833.55	9543.85
832.38	8998.87
831.21	8712.64
830.039	8539.76
828.869	8535.66
827.698	8557.18
826.526	8606.44
825.355	8664.22
824.183	8553.41
823.011	8269.88
821.839	7937.43
820.666	7379.13
819.494	7047.03
818.32	7024.1
817.147	6628.32
815.973	6886.66
814.799	6802.02
813.625	7062.33
812.451	7213.97
811.276	7731.57
810.101	7995.74
808.926	8589.51
807.75	9491.36
806.574	10286.5
805.398	11459.6
804.222	13063.6
803.045	16075.6
801.869	19409
800.691	22675.1
799.514	23822.7
798.336	22407.7
797.158	19622.4
795.98	16070.3
794.801	12859.2
793.623	10833
792.443	9191.47
791.264	8199.39
790.085	7332.82
788.905	6913.71
787.724	6429.13
786.544	6279.39
785.363	6076.78
784.182	6003.4
783.001	5809.42
781.819	5562.63
780.638	5629.03
779.456	5562.16
778.273	5486.87
777.091	5432.74
775.908	5439.94
774.724	5409.09
773.541	5355.02
772.357	5178.49
771.173	5424.32
769.989	5294.29
768.804	5299.39
767.619	5293.94
766.434	5288.49
765.249	5207.11
764.063	5292.35
762.877	5375.44
761.691	5420.55
760.505	5455.11
759.318	5392.75
758.131	5418.87
756.943	5415.5
755.756	5559.49
754.568	5604.49
753.38	5598.97
752.191	5690.23
751.003	5745.68
749.814	5647.62
748.624	5757.71
747.435	5913.99
746.245	6028.17
745.055	6159.1
743.864	6245.87
742.674	6231.81
741.483	6391.99
740.292	6396.79
739.1	6458.24
737.908	6414.77
736.716	6427.95
735.524	6629.83
734.331	6594.74
733.138	6666.54
731.945	6761.36
730.752	6632
729.558	6774.95
728.364	6641.45
727.17	6658.73
725.975	6642.52
724.78	6632.59
723.585	6605.93
722.39	6644.12
721.194	6841.19
719.998	6881.38
718.802	7191.15
717.605	7525.85
716.408	8365.89
715.211	9949
714.014	11566.9
712.816	12275.9
711.618	11498.8
710.42	9726.83
709.222	8746.24
708.023	7718.15
706.824	7174.25
705.624	7045.41
704.425	6883.29
703.225	6854.58
702.025	6823.8
700.824	6824.28
699.623	6787.27
698.422	6791.92
697.221	6900.61
696.019	6892.74
694.817	6999.27
693.615	7091.2
692.413	7110.31
691.21	7064.98
690.007	7123.58
688.804	7227.85
687.6	7194.98
686.396	7014.7
685.192	7071.17
683.987	6917.98
682.783	6887.29
681.578	6786.07
680.372	6778.25
679.167	6490.48
677.961	6501.38
676.755	6460.46
675.548	6467.22
674.341	6469.83
673.134	6414.44
671.927	6392.21
670.719	6330.66
669.511	6341.58
668.303	6414.56
667.095	6448.21
665.886	6576.97
664.677	6769.78
663.468	7047.25
662.258	7260.52
661.048	7690.64
659.838	8544.04
658.627	9684.11
657.417	11742.5
656.206	15100.4
654.994	19600
653.783	23542.4
652.571	24190.7
651.358	21423.5
650.146	17111.2
648.933	13215.3
647.72	10596.9
646.507	9197.48
645.293	8433.13
644.079	7868.91
642.865	7416.13
641.65	7171.47
640.435	7068.92
639.22	7059
638.005	7102.57
636.789	7269.5
635.573	7426.07
634.357	7929.93
633.14	8476.71
631.924	9423.84
630.706	10487.6
629.489	11271.6
628.271	11369.5
627.053	10455.4
625.835	9387.94
624.616	8499.44
623.397	7689.3
622.178	7090.75
620.959	6580.63
619.739	6531.92
618.519	6239.38
617.298	6125.21
616.078	5966.04
614.857	6167.32
613.636	6214.97
612.414	6338.32
611.192	6504.57
609.97	6938.72
608.748	7442.2
607.525	8033.35
606.302	8513.84
605.079	8475
603.855	8033.68
602.631	7496.57
601.407	6965.84
600.182	6625.24
598.958	6139.89
597.733	6113.92
596.507	5945.14
595.282	5811.13
594.056	5638.43
592.829	5604.45
591.603	5688.7
590.376	5607.86
589.149	5527.05
587.921	5566.45
586.694	5385.91
585.466	5533.22
584.237	5476.93
583.009	5463.4
581.78	5462.07
580.55	5293.98
579.321	5382.16
578.091	5366.63
576.861	5373.46
575.631	5303.07
574.4	5383.04
573.169	5290.34
571.938	5327.64
570.706	5308.08
569.474	5290.55
568.242	5256.81
567.009	5346.8
565.776	5469.21
564.543	5409.08
563.31	5440.2
562.076	5367.95
560.842	5334.23
559.608	5286.35
558.373	5289.11
557.138	5328.31
555.903	5355.35
554.668	5408.67
553.432	5366.9
552.196	5462.67
550.959	5384.5
549.723	5431.7
548.486	5424.31
547.248	5352.27
546.011	5443.88
544.773	5375.91
543.534	5348.35
542.296	5351.08
541.057	5367.93
539.818	5423.11
538.578	5391.52
537.339	5464.82
536.099	5403
534.858	5375.47
533.618	5374.15
532.377	5384.92
531.135	5421.87
529.894	5503.1
528.652	5558.11
527.41	5613.1
526.167	5501.06
524.925	5594.25
523.681	5566.73
522.438	5800.6
521.194	5877.57
519.95	5880.15
518.706	5999.25
517.461	5905.37
516.216	5877.81
514.971	5932.58
513.726	5969.25
512.48	6214.6
511.234	6317.39
509.987	6835.3
508.74	7876.3
507.493	9548.25
506.246	11562.1
504.998	12605.2
503.75	11931
502.502	10091.6
501.253	8217.02
500.004	7160.09
498.755	6694.04
497.505	6314.24
496.256	6250.67
495.005	6047.15
493.755	6081.64
492.504	6050.15
491.253	6076.63
490.002	6143.04
488.75	6099.58
487.498	6002.22
486.245	6060.62
484.993	6073.08
483.74	6219.22
482.487	6193.74
481.233	6303.88
479.979	6435.89
478.725	6579.8
477.47	6687.76
476.215	6857.43
474.96	7040.96
473.705	7566.9
472.449	7911.41
471.193	8502.54
469.937	9304.3
468.68	10312.5
467.423	11447.6
466.165	11782.7
464.908	11602.9
463.65	11218.4
462.392	10333.4
461.133	9496.6
459.874	8787.27
458.615	8302.63
457.355	7911.53
456.095	7703.17
454.835	7719.1
453.575	7516.84
452.314	7279
451.053	6920.35
449.791	6738.27
448.529	6639.49
447.267	6384.27
446.005	6224.24
444.742	6309.78
443.479	6189.44
442.216	6205.69
440.952	6233.8
439.688	6218.39
438.424	6252.41
437.159	6217.23
435.894	6269.02
434.629	6263.49
433.363	6259.93
432.098	6268.22
430.831	6136.33
429.565	6087.41
428.298	6111.52
427.031	6100.11
425.763	6114.35
424.495	6148.29
423.227	6199.96
421.959	6346.21
420.69	6297.31
419.421	6321.32
418.151	6435.91
416.882	6678.42
415.612	7155.04
414.341	7739.65
413.07	8225.59
411.799	8422.15
410.528	8125.05
409.256	7725.88
407.984	7273.84
406.712	7167.85
405.439	6957.8
404.166	7107.24
402.893	7458.84
401.619	7759.22
400.345	8279.23
399.071	9124.64
397.796	10397.2
396.521	12445.6
395.246	15237.9
393.971	18099.3
392.695	20641.8
391.418	21482.8
390.142	20314
388.865	17605
387.588	14709.5
386.31	12281.2
385.032	10707.1
383.754	9562.12
382.475	8849.88
381.197	8270.93
379.917	8004.96
378.638	7760.63
377.358	7498.84
376.078	7506.67
374.797	7288.03
373.516	7161.23
372.235	7044.26
370.954	6919.54
369.672	6960.66
368.39	6802.88
367.107	6851.8
365.824	6785.72
364.541	6659.28
363.258	6536.79
361.974	6727.88
360.69	6638.53
359.405	6599.83
358.12	6662.33
356.835	6652.83
355.55	6618.04
354.264	6659.09
352.978	6737.06
351.691	6993.76
350.404	7059.94
349.117	7174.64
347.83	7246.56
346.542	7487.32
345.254	7900.69
343.965	8515.62
342.676	9203.93
341.387	10264.2
340.097	11042.8
338.808	11724.1
337.517	12023.3
336.227	12148.1
334.936	12574.8
333.645	13125.3
332.353	13845.8
331.061	14927.8
329.769	15601
328.477	15569.8
327.184	15119.1
325.89	14249.1
324.597	13033.6
323.303	11814.8
322.009	10782.2
320.714	9970.23
319.419	9376.85
318.124	8999.94
316.828	8513.25
315.532	8107.83
314.236	7899.34
312.939	7781.57
311.642	7700.49
310.345	7582.83
309.047	7376.62
307.749	7212.88
306.451	7207.12
305.152	7187.89
303.853	7051.27
302.554	7037.86
301.254	7151.4
299.954	7014.9
298.653	7086.09
297.353	6957.36
296.051	6801.8
294.75	6884.51
293.448	6963.34
292.146	6886.61
290.844	6836.79
289.541	6769.72
288.237	6771.76
286.934	6844.75
285.63	6706.79
284.326	6787.42
283.021	6684.04
281.716	6843.18
280.411	6835.6
279.105	6795.48
277.799	6807.06
276.493	6699.98
275.186	6868.46
273.879	6811.15
272.572	6744.31
271.264	6822.78
269.956	6897.4
268.647	6964.33
267.339	7006.38
266.029	7015.96
264.72	7098.07
263.41	7000.72
262.1	7138.13
260.789	7122.85
259.478	7222
258.167	7273.43
256.855	7269.56
255.543	7450.52
254.231	7383.73
252.918	7463.62
251.605	7612.01
250.292	7552.85
248.978	7634.53
247.664	7858.84
246.35	7911.86
245.035	8069.42
243.72	8091.94
242.404	8142.95
241.088	8366.81
239.772	8472.79
238.455	8582.51
237.138	8752.91
235.821	9061.75
234.503	9066.86
233.185	9371.65
231.867	9678.17
230.548	10056.6
229.229	10438.5
227.909	10729.3
226.589	11355.2
225.269	12105.8
223.948	12763.1
222.627	13408.8
221.306	14423
219.984	15402.6
218.662	16584
217.34	17505.8
216.017	18493.2
214.694	18969.9
213.371	19219.7
212.047	19233.3
210.722	19160
209.398	18161.9
208.073	17522.9
206.747	16840.9
205.422	16238.4
204.096	15583.5
202.769	15298.4
201.442	14762.8
200.115	14391.4
198.788	14131.3
197.46	13805.4
196.131	13220
194.803	12898.3
193.474	12669
192.144	12389
190.815	11731.3
189.484	11799.5
188.154	11702.2
186.823	11742.2
185.492	11691.9
184.16	11677.4
182.828	11717.3
181.496	11905.4
180.163	12010.8
178.83	12060
177.496	12274.1
176.163	12729.8
174.828	12996
173.494	13187.2
172.159	13430.7
170.823	13962.3
169.487	14014.5
168.151	14538.2
166.815	14844.6
165.478	15433.2
164.141	15926.1
162.803	16540.2
161.465	17258.6
160.127	18348.3
158.788	19687.6
157.449	20753.6
156.109	22419.9
154.769	24238.3
153.429	25393.4
152.088	26823.9
150.747	27582.4
149.406	28029.3
148.064	27902
146.722	28113.9
145.379	27780
144.036	27712.5
142.693	27637.5
141.349	27732
140.005	27647.8
138.66	28283.2
137.315	29053.9
135.97	30184.7
134.624	31562
133.278	32854.8
131.932	34276.9
130.585	34890.7
129.238	35706.4
127.89	35735.1
126.542	35070.1
125.194	34192.3
123.845	32662.5
122.496	30370.2
121.146	27723.6
119.796	25017.3
118.446	22375.6
117.095	19359.6
115.744	16689.6
114.392	14209.8
113.04	12149.3
111.688	10134.4
110.335	8403.48
108.982	7248.13
107.629	6147.02
106.275	5087.17
104.921	4515.27
103.566	3737.02
102.211	3252.56
100.855	2821.88
99.4995	2491
98.1432	2224.84
96.7865	2056.5
