867.88,36.64,60.52,47.8,43.66,38.04,33.725,21.55,26.02,16.54,16.9,5,12.76,13.8,12.525,6.64,8.1,4.58,8.48,1e-012,0.4,14.72,6.86,0.32,0.4,4.02,1e-012,1e-012,0.82,0.04,1e-012
871.19,23.98,58.32,36.36,36.22,47.32,26.525,15.6,14.7,14.78,8,3.8,19.38,3.125,21.45,3.22,2.35,3.06,0.28,0.36,1e-012,0.24,0.28,1.1,6.42,1e-012,2.75,0.3,0.24,1e-012,1e-012
874.5,67.16,72.6,44.5,73.56,39.08,43.625,28.35,20.38,27.96,23.05,16.56,15.4,24.375,30.025,10.76,13.35,16.46,10.24,4.68,0.05,9.28,0.48,0.88,1e-012,3.34,0.975,0.275,1e-012,1e-012,1e-012
877.82,47.74,71.46,58.7,59.06,40.98,38.425,28.225,14.24,19,14.2,19.6,10.9,8.825,22.25,11.56,8.35,3.48,3.56,2.82,1.45,2,3.54,2.76,10.3,1e-012,1e-012,0.325,0.52,1e-012,1e-012
881.13,55.3,74.32,57.1,65.96,68.84,75.7,37.95,22.9,19.7,18.25,18.82,22.2,33.375,35.9,23.48,25.775,13.88,9.14,10.78,1e-012,19.08,8.46,6.68,1.2,0.24,3.85,4.25,0.02,1e-012,1e-012
884.44,57.1,65.76,80.28,62.98,61.38,49.325,49.15,21.22,21.9,19.8,16.72,12.28,17.075,26.6,9.64,37.525,7.56,9.04,1.06,7.95,1.84,6.94,0.12,1.16,0.06,8.6,1e-012,0.2,1e-012,1e-012
887.76,85.14,99.96,94.68,91.72,73.58,70.325,43.325,42.88,34.86,44.4,23.42,31.08,23.725,24.05,21.04,21.725,20.8,25.14,10.76,1.05,10.02,3.02,13.44,7.32,1.16,12.025,1e-012,1e-012,1e-012,0.95
891.07,57.16,103.04,106.88,87.78,83.92,64.525,45.1,25.74,26.04,22.9,21.9,16.44,31.95,22.125,14.22,46.45,8.7,12.98,11.3,6.45,10.7,2.08,6.14,10.16,3.8,1e-012,0.05,1e-012,1e-012,1e-012
894.38,97.06,121.66,107.26,132.88,108.88,98.15,61.9,34.06,28.28,31.85,26.3,25.8,51.075,27.8,21.08,27.875,28.18,22.48,14.36,18.3,2.46,11.12,11.5,4.14,4.82,6.6,1e-012,1e-012,1e-012,1e-012
897.69,62.48,105.06,112.68,129.34,110.1,82.025,55.575,38.5,18.58,21.25,10.16,36.42,33.2,36.275,16.98,19.2,23.16,21.76,0.7,1.1,8.76,22.14,13.24,2.54,4.82,0.875,1e-012,0.18,1e-012,1e-012
901,96.38,161.56,129.62,122,135.9,103.75,68.55,55.72,41.6,33.85,25.98,39.36,42.1,40.5,31.5,37.35,27.9,34.96,18.9,8.65,11.06,21.7,10.1,8.32,0.72,0.125,1e-012,0.5,1e-012,1e-012
904.31,93.54,130.8,128.28,117.02,130.18,109.45,73.825,41.9,22.7,28.9,30.9,42.26,39.575,53.325,22.64,37.5,22.68,14.66,11.6,4.2,4.62,4.36,10.88,5.48,4.3,3.85,0.525,1e-012,1e-012,1e-012
907.62,133.82,171.98,151.46,178.7,136.54,140.23,88.55,53.36,34,25.15,28.34,71,51.85,54.175,40.74,38.125,31.52,33.92,17.42,1.4,9.14,15.34,13.34,8.5,3.28,1e-012,1e-012,1e-012,0.54,1e-012
910.93,126.88,159,158.86,149.04,129.4,144.32,77.925,50.58,37.44,27.95,20.32,43.5,36.225,41.6,19.08,33.075,37.04,26.44,10.64,16.4,11.38,16.6,11.7,10.04,0.58,1e-012,1e-012,1e-012,1e-012,1e-012
914.24,142.56,200.32,160.66,164.48,149.72,167.35,94.675,59.98,51.02,14.85,41.26,46.52,70.625,43.4,35.5,59.375,42.34,40.68,24.08,10.7,9.04,11.18,24.42,18.84,5.7,6.4,0.2,0.22,1e-012,1e-012
917.55,153.38,197.6,184.36,179.34,168.5,153.65,88.875,46.66,47.3,32.75,30.56,55.58,57.2,63.7,34.38,61.8,32.2,10.1,15.9,5,6.98,16.86,18.66,18.4,7.46,0.15,1e-012,1e-012,1e-012,1e-012
920.86,165.88,225.34,230.04,195.56,177.86,204.2,125.97,76.86,75.38,51.2,52.84,78.16,91.325,78.975,75.36,68.75,44.04,32.4,22.22,31.5,18.84,25.88,33.4,12.76,13.4,11.275,0.175,1e-012,1e-012,0.55
924.17,193.12,258.16,271.06,247.5,215.44,236.18,131.45,82.74,87.34,39.95,71.5,59.48,75.9,94.05,54.42,72.75,69.16,44.72,18.72,0.45,34.56,20.16,29.26,7.32,9.78,1.775,0.7,1e-012,1e-012,1e-012
927.48,296.5,374.68,372.14,351.84,302.06,343.13,200.77,155.98,137.36,57.65,114.58,121.62,162.13,134.88,124,160.95,127.1,63.32,40.4,1.15,56.64,38.92,56.72,42.84,29.36,22.3,1e-012,5.16,1.46,1e-012
930.78,494.7,579.34,572.26,544.88,440.98,602.45,294.33,241.98,252.18,51.3,193.24,234.86,241.73,188.95,196.02,256.08,207.72,72.56,70.68,9.55,72.12,95.9,99.58,72.64,38.92,26.1,1e-012,1e-012,1e-012,1e-012
934.09,855.84,929.14,931.7,862.08,705.48,1013.8,472.08,387.04,429.14,60.1,376.22,373.64,401.23,341.92,394.86,458.7,370.6,166.02,174.1,1.65,185.18,174.32,231.52,181.5,90.2,117.45,1e-012,0.96,0.04,1e-012
937.4,1248,1424,1406,1290.4,1038.6,1537.6,676.05,617.44,645.6,52.5,546,587.22,590.72,489.05,604.28,709.2,564.4,241.84,235.54,16.8,300.7,274.1,369.44,285.3,166.16,165.57,1e-012,1e-012,1e-012,0.75
940.71,1807.9,1999.2,2012.2,1835,1464.5,2209.6,967.17,890.68,946.52,65.3,803.9,856.92,868.8,731.2,848.62,1026,848.04,378.8,400.52,12.45,474.78,436.72,554.04,445.94,277.38,268.9,0.75,3.02,1e-012,1e-012
944.01,2352.8,2612.7,2628.7,2400.2,1889.2,2901.5,1240.9,1177.1,1232.3,34.7,1079.4,1109.8,1125.5,953.53,1151.5,1342.8,1124.6,484.14,534.08,3.5,634.06,557.06,730.98,572.56,407.8,363.75,1e-012,0.38,1e-012,1e-012
947.32,2961.1,3246.3,3237.4,2955.5,2319.9,3602.4,1512.6,1461.5,1562.4,40.7,1336.8,1361.8,1433.9,1199.6,1433.7,1700.7,1386.5,627.8,676.96,13.75,816.16,693.26,938.64,760.96,477.78,472.27,1e-012,6.6,1e-012,1e-012
950.62,3386.4,3736,3757.4,3441.7,2697,4215,1766.9,1669.6,1783.8,37.1,1543.4,1585.5,1631.8,1361.5,1622.2,1970.8,1615.3,683.6,775.18,0.85,926.62,812.78,1087.7,872.92,583.58,567.63,1e-012,0.2,1e-012,1e-012
953.93,3818.2,4192.4,4211,3837.2,3002.9,4741.1,1972.4,1858.3,2027.4,41.25,1747.2,1801.7,1816.4,1570.5,1880.9,2220.9,1825.6,808.38,885.84,3.25,1041.7,919.26,1210.6,985.26,665.96,657.65,1e-012,0.32,1e-012,1e-012
957.23,4097.2,4527.4,4511.2,4113.3,3228.4,5069.9,2089.4,1994.8,2157,35.6,1864.7,1904.2,1968.7,1660.9,1988.1,2360.3,1969.4,860.24,955.72,11.9,1125.7,985.54,1303.8,1065.1,736.84,695.03,0.1,0.86,1e-012,1e-012
960.54,4314.9,4754,4765.8,4359.6,3411.5,5343.3,2221.6,2113.9,2303.9,21.45,1988.1,2049,2077.9,1766,2121.7,2538.6,2081.3,918.26,1034.4,1e-012,1188,1063.8,1411.3,1134.5,798.46,749.4,0.375,1e-012,1e-012,1e-012
963.84,4447.3,4908.5,4940.2,4513.5,3508.5,5552.3,2279.1,2200.4,2381.8,43.95,2047.3,2100.5,2176.7,1793,2181.5,2586.8,2150,943.8,1049.7,6.75,1243.9,1077.3,1425.8,1173.8,797.3,765.88,1e-012,1e-012,1e-012,1e-012
967.14,4561.1,5067.8,5060.7,4648,3634.7,5675.9,2353.5,2235.2,2463.3,74.65,2116.6,2168,2252.9,1883.4,2256.4,2687.3,2223.1,959.44,1083.2,7.9,1301.6,1120.6,1496.8,1196.9,827.2,818.97,1e-012,6.14,1.56,1e-012
970.45,4635.1,5124.3,5158.6,4700.3,3641,5769.4,2379.5,2280.4,2478.2,44.05,2130.3,2193,2246.6,1910.3,2312.4,2722.2,2270.5,999.88,1110.7,20.05,1298.1,1119.5,1512.2,1219.5,826.98,819.22,0.675,1e-012,1e-012,1e-012
973.75,4723.8,5242,5203.2,4787.1,3725.3,5932.5,2431,2333.3,2554.8,36.35,2173.6,2221.7,2327.1,1943,2323.9,2768.1,2307.6,1018,1135.3,6.4,1316.8,1156.9,1547.6,1250.9,848.08,864.58,1e-012,1e-012,1e-012,1
977.05,4718.6,5235.1,5249.7,4815.6,3729.7,5942.8,2452.2,2344,2532.8,40.15,2204.8,2236.8,2307.3,1964.2,2344.5,2778.6,2320.4,991.44,1157.6,7.45,1338.1,1145.2,1527.2,1250.2,840.18,854.05,0.925,1e-012,1e-012,1e-012
980.35,4780.8,5284.1,5304.6,4850.5,3805.3,5981.2,2469.8,2373.3,2568.2,41.7,2210.8,2283.3,2335.9,1975.6,2390.2,2833.4,2361.2,1002.2,1164.9,11.85,1371.7,1193.8,1548.3,1285.2,859.68,851.9,1.7,2.42,1e-012,3.3
983.66,4817.8,5304.3,5311.1,4911.3,3829.3,6015.4,2456.8,2390.7,2587.4,34.85,2220.9,2284.5,2352.9,1933.2,2379.1,2818.6,2323,991.26,1151.3,0.2,1352.5,1171.8,1587.7,1266.9,860.54,848.28,1e-012,1e-012,1e-012,1e-012
986.96,4862.2,5371.6,5368.8,4910,3863.2,6044.9,2485.4,2376.1,2615.2,32.55,2236.2,2344.4,2377.4,1983.3,2421.2,2866,2382.7,1043.8,1164.9,15.35,1385,1192,1582.9,1290.8,888.94,877.22,0.45,1e-012,1e-012,1e-012
990.26,4886,5409.6,5369.5,4894.8,3854,6069.9,2481.6,2413.7,2612.6,38.2,2249.5,2312,2376,2004.6,2420.9,2857.6,2406,1024.8,1175.6,0.15,1358,1188.3,1571.2,1292.8,888.86,872.42,0.4,1e-012,1e-012,1e-012
993.56,4902,5422.3,5455.1,4963.3,3902.2,6135.3,2501.1,2444.5,2654.1,61.3,2295.5,2323.1,2417.5,2028.8,2436.2,2898.8,2416.8,1045,1176.4,12.5,1397.3,1206.6,1589.8,1313.9,884,880.13,1e-012,4.36,0.68,1e-012
996.86,4953,5425.8,5461.8,4981.2,3877.6,6144.1,2513.2,2413.3,2640.5,43.3,2267,2343.3,2390.2,2004.1,2405.7,2886.1,2418.5,1049.9,1184.9,0.5,1381.8,1171.8,1601,1301,881.02,923.28,1e-012,1e-012,1e-012,1e-012
1000.2,4966.8,5461.2,5541.4,5029.4,3937.7,6167.1,2553.4,2439.5,2707.6,55.25,2312.8,2329.6,2426.2,2046.6,2461.5,2923.8,2431,1060.5,1187.5,3.3,1396.5,1210,1606,1304.2,895.28,913.15,1e-012,6.86,1e-012,3.45
1003.5,4998.9,5476,5523.4,5020.2,3907.1,6172.1,2535.5,2459.4,2680.7,28.2,2323,2351.4,2411.7,2042.8,2455,2919,2430.6,1052,1183.5,1e-012,1381,1210.9,1614.5,1300.3,881.38,887.28,1e-012,0.06,1e-012,1e-012
1006.8,5007.2,5527.8,5546.2,5090.1,3948.6,6218.2,2589.4,2493.7,2698.2,52.4,2330.5,2381.1,2449.2,2036.1,2507.8,2939.2,2440.1,1077,1204.3,1e-012,1423.5,1212.3,1608.9,1311.6,904.44,906.35,1e-012,0.16,1e-012,1e-012
1010.1,5054.4,5496,5561,5066.1,3943.8,6194.1,2553.3,2447.7,2670.2,27.2,2319.4,2351.2,2437,2048.5,2482.5,2929.5,2420.1,1061.8,1187.1,0.5,1386.4,1232.4,1623.1,1328.5,878.34,901.38,1e-012,1e-012,1e-012,0.8
1013.4,5065.5,5562.8,5592.6,5085.3,3972,6252.3,2581.1,2485.5,2710.6,24.05,2347.4,2401.4,2468.6,2088.8,2508.3,2964.7,2471.8,1069.6,1213.3,0.5,1413.4,1215.5,1633.2,1331.6,913.06,905.78,1e-012,0.3,1e-012,1e-012
1016.7,5094.7,5562.6,5621.7,5106,3984.5,6258,2575.4,2460.3,2696.4,32.1,2345.1,2401.7,2451.9,2051.9,2475.4,2942,2453.4,1046.7,1202.9,17.75,1414.7,1211.5,1628.3,1339.8,904.16,908.05,1e-012,0.94,1e-012,1e-012
1019.9,5102.9,5601.2,5604.3,5149.9,4027.2,6305.3,2602.9,2505.2,2741.7,48.85,2343.8,2399,2470.6,2090.2,2528.2,2987.1,2466.5,1064.2,1216.4,12.4,1418.8,1224.7,1655.3,1337.2,924.54,914.3,1e-012,0.76,1e-012,1e-012
1023.2,5113.4,5615.5,5628.3,5116.5,4047.3,6322.4,2570.8,2500.2,2700.8,39.45,2356.9,2404.7,2460.6,2062.1,2513.7,2963.7,2479.1,1065.1,1187.8,15.85,1413.6,1215.3,1629.9,1331.1,895.04,932.75,1.825,2.38,1e-012,0.8
1026.5,5170.3,5662.4,5674,5143.1,4050.5,6380.7,2628.9,2526.2,2736,67.15,2353.6,2427.7,2494.9,2085.3,2524.1,2982.3,2464.9,1064.4,1214.5,8.75,1436.3,1240.3,1642.6,1373.6,922.96,923.25,1e-012,0.96,1e-012,1e-012
1029.8,5162.7,5669.2,5669.6,5157.3,4049.5,6362.6,2588.6,2512.4,2736.6,45.95,2355.7,2404.4,2491.9,2100.7,2530.1,2959.1,2474.1,1063,1213.1,7.75,1410.4,1240,1649.5,1344.2,915.8,933.47,0.875,0.14,1e-012,1e-012
1033.1,5226.2,5698.2,5735,5188,4093.3,6394.9,2629.1,2572.4,2798,31.65,2386.7,2431,2523.6,2119.8,2573.6,2981.3,2490.4,1086.8,1230.6,4.5,1453.9,1250.8,1653.4,1369.7,928.04,948.25,1.2,0.02,1e-012,1e-012
1036.4,5218.2,5693.8,5776.8,5232.9,4096.1,6448.3,2636.7,2549.9,2754.2,30.75,2406.1,2441.7,2512.9,2094.8,2564.7,3009.3,2479.9,1069,1250.1,1e-012,1447,1249,1654.9,1357.6,932.64,940.13,0.05,2.22,1e-012,1e-012
1039.7,5291.1,5780.7,5817.7,5294.1,4164.6,6497.8,2652.9,2549.8,2811.8,28.6,2404,2484.1,2554.1,2151.7,2570.1,3045,2532,1087.7,1233.3,4.7,1464.5,1253,1677.2,1374.8,937.5,937.05,1e-012,0.5,0.3,1e-012
1043,5289.9,5773.6,5880.5,5283.8,4164,6493.9,2644.8,2556.7,2788.9,58.7,2400,2437.9,2546.4,2131.9,2588.1,3048.3,2525.8,1082.2,1249.4,11.8,1443.8,1262.6,1709.7,1390.5,925.72,954.5,0.025,1e-012,1e-012,1e-012
1046.3,5379,5857.2,5916.9,5362.5,4212.9,6618.8,2705.8,2577.2,2820,19.9,2444.6,2489.2,2569.8,2167.2,2620.5,3081.6,2550.2,1102.6,1257.6,1.9,1506.2,1280,1683.8,1402.5,936.62,984.9,1e-012,3.14,0.04,1e-012
1049.6,5369.5,5866.9,5985.3,5361.9,4221.9,6592.2,2714.6,2602.2,2838.3,41.35,2422.3,2516.5,2605.4,2163.2,2626,3084.4,2586.2,1113.9,1252.2,2,1472.2,1284.4,1702,1377.6,935.82,952,1e-012,1.26,1e-012,1e-012
1052.9,5414.9,5929,6038.7,5414.5,4274.8,6669.7,2724.9,2603.3,2855.9,46.5,2477.9,2537.7,2616.8,2176,2661.5,3150.5,2585.5,1130.9,1277,5.35,1498.8,1331.9,1740.8,1414.9,959.02,979.83,1e-012,1e-012,1e-012,0.55
1056.2,5444,5954.7,6023.4,5440.7,4304.5,6706.2,2721.6,2626.9,2878.5,43.35,2497.7,2542.6,2628.1,2205.3,2663.8,3123.9,2580.2,1115.6,1259.5,13.35,1497.2,1295.3,1712.7,1410.5,942.82,961.97,1e-012,1e-012,1e-012,0.15
1059.5,5498.9,6001.6,6099.8,5502.4,4354.8,6767.8,2770.1,2649.6,2892.2,48.75,2511.5,2569.9,2650.1,2244.3,2680.2,3146.8,2618.7,1135,1269.3,11.2,1505,1291,1748.9,1464.7,978.62,978.1,1e-012,0.3,1e-012,4.15
1062.8,5564.4,6041.3,6092.5,5549.1,4335.3,6753.5,2777.2,2652.6,2907,56.6,2531.4,2548.7,2642.5,2232.8,2669.5,3179.5,2610.8,1120.5,1270.9,10.75,1497.8,1303.9,1756.9,1428.7,955.96,972.75,1e-012,0.1,1e-012,1e-012
1066.1,5582.8,6082.4,6174.1,5592.7,4398.9,6838.2,2767.6,2706.5,2940.5,41.8,2537.3,2593.2,2703.3,2255.4,2739.7,3198.9,2664.2,1155.1,1327.7,0.15,1526.5,1330.3,1754,1464.1,960.58,1020.6,0.15,0.14,1e-012,1.3
1069.4,5639.8,6114,6238.3,5578.3,4395,6874.6,2789.3,2684.3,2948,46.85,2542.2,2599.4,2691.2,2278.3,2723.2,3200.4,2657.5,1149.9,1294.5,8.2,1519.9,1294.1,1780,1450.7,976.64,1016.4,1e-012,0.14,1e-012,1e-012
1072.7,5680.4,6161.9,6299.5,5648.6,4454.7,6964.6,2809.9,2734.8,2961.2,37.1,2560.5,2639.7,2729.8,2314.8,2761.8,3217.4,2691,1177.4,1325.7,1.15,1549.9,1327.9,1807.5,1474.3,1002.4,1004,0.075,4.94,1e-012,1e-012
1075.9,5697.5,6173.2,6283.4,5689.5,4479.8,6998.7,2832,2729.3,2981,32.8,2580.7,2612.6,2719.9,2273.2,2791.8,3244.9,2702.7,1150.1,1323.6,7.25,1545.8,1322,1795.1,1460.6,989.98,1003.1,0.175,0.12,1e-012,1e-012
1079.2,5798.7,6283.7,6401.3,5763.6,4534,7014.7,2849.6,2775.3,3022,37.35,2600.9,2678.7,2750.4,2331.3,2798.5,3261.9,2719.5,1199.8,1352.3,25.4,1564.4,1353.9,1807.3,1514.8,1017.2,1034.4,1.325,0.1,1e-012,1e-012
1082.5,5811.5,6284.4,6418.7,5785.9,4569.6,7046.2,2881.4,2771,3030.9,59.95,2621.4,2679.6,2756.8,2320.5,2812.2,3272.1,2712.3,1188.1,1342.8,2.5,1577.2,1363.7,1827.7,1506.2,1023.8,1011.6,1e-012,1e-012,1e-012,1e-012
1085.8,5830.5,6362,6476.2,5844.9,4599.6,7122,2893.6,2817.3,3087.3,74.95,2661.4,2716.4,2820.5,2357.4,2832.5,3348.4,2762.7,1171.9,1346.9,12.55,1600.9,1382,1872.6,1519.2,1019.5,1037.6,0.025,1e-012,1e-012,1e-012
1089.1,5896,6344.5,6528.6,5893.9,4644.8,7160.1,2933.6,2814.5,3062.7,30.7,2666.2,2703.6,2811.1,2378.5,2840.8,3333.2,2780.1,1174.4,1355.7,17.2,1580.9,1374.1,1836.9,1506.1,1061.4,1039,0.05,0.04,1e-012,1e-012
1092.4,5953,6443.7,6582.8,5911.2,4679.3,7237.7,2930.9,2850.6,3134.1,38.8,2690.8,2743.3,2822.3,2376.6,2885.7,3376.7,2775.9,1217.6,1352.3,1.75,1614.9,1406.9,1862.6,1541.2,1029.2,1033.7,0.075,1.74,1e-012,0.3
1095.7,5961.4,6506.1,6628.8,5947.7,4681.4,7255,2968.4,2845,3121.2,40.4,2704.9,2761.5,2842.5,2386.4,2886.2,3402.1,2803.1,1209.1,1361.2,17.15,1600.5,1398.9,1875.5,1543.4,1032.1,1036.8,0.625,1e-012,1e-012,1e-012
1099,6025.2,6532.1,6713.6,5995.4,4700.3,7336.3,2995.4,2880.3,3168.7,52.1,2737.1,2788.8,2893,2434.1,2894.9,3404.9,2818.7,1236.1,1388.6,11.7,1619.6,1440.6,1910.1,1545,1065.3,1064.9,0.275,1.18,1e-012,1e-012
1102.3,6033.9,6535.5,6715.9,6016.1,4750.4,7363.8,2984.9,2871.1,3146.7,43.75,2742.4,2802.7,2896,2417.9,2921.3,3429.1,2818.4,1235.2,1373.5,12.85,1625.9,1417.4,1879.9,1538,1032.3,1065.3,0.525,1e-012,1e-012,1e-012
1105.6,6067.8,6606.1,6808.6,6044.9,4795.5,7476,2990.3,2911.5,3182.3,42.1,2764.6,2808.8,2902.5,2468.1,2935.6,3490.6,2871,1250,1368.1,0.75,1645.5,1437.2,1904.9,1530.3,1037.2,1052.3,1e-012,0.26,1e-012,1e-012
1108.8,6084.9,6614,6800.3,6062.8,4788.6,7413,3018.8,2883.5,3205.1,58.15,2754.6,2836.1,2937.1,2444,2965.8,3447.7,2855.6,1254.1,1372.4,7.4,1622.5,1424.7,1886.2,1559,1047.8,1063.1,1e-012,1e-012,1e-012,1e-012
1112.1,6145.6,6664.9,6861.5,6113.8,4841.3,7505.6,3031.7,2946.8,3235.2,38.55,2790.8,2855.5,2944.9,2470.6,2978.4,3477.6,2889.1,1254.2,1405.7,23.75,1647.8,1426.1,1894.8,1551.3,1029.5,1056.4,1e-012,0.24,0.06,1e-012
1115.4,6139.7,6639.1,6849.9,6109.7,4872.5,7552.4,3020.6,2920.2,3182.3,23.2,2765,2821.3,2905.4,2469.7,2960.3,3492.9,2853.3,1222.9,1399.5,1e-012,1659.5,1425.6,1904.9,1558.8,1046.4,1074.8,1e-012,0.9,1e-012,1e-012
1118.7,6166.4,6692.8,6855.6,6145.9,4899,7520.3,3003.4,2942.6,3191.3,36.5,2783.8,2860.2,2926.2,2481,2997,3471.9,2878.5,1249.5,1372.6,3.35,1653.6,1434.7,1907.4,1564.6,1037.6,1048.4,1e-012,1e-012,1e-012,1e-012
1122,6125.1,6659.4,6849.4,6110.3,4902.1,7532.3,3008.2,2915.7,3168.3,48.75,2783.7,2841.2,2943,2463.1,2968.9,3440,2849.3,1224.4,1372.2,0.45,1642.2,1390.8,1867.2,1544.1,1030.4,1053.2,1e-012,1e-012,1e-012,1e-012
1125.3,6138.9,6650,6885.1,6160.3,4932.8,7574,3012.7,2901.5,3193.4,49.7,2771.4,2870.8,2939.3,2481.1,2962.5,3448.1,2865,1241.3,1405.2,4.45,1636.3,1408.8,1879.4,1530.2,1037,1041.6,1e-012,1e-012,1e-012,1e-012
1128.6,6107.1,6636.1,6872.4,6121.9,4905.6,7532,2982.6,2883,3167.5,41.05,2748.8,2831.7,2894.8,2442.5,2947,3383.8,2802.9,1196.1,1359.1,8.1,1617.4,1389.6,1866.3,1538.8,1015.3,1014.3,1e-012,0.18,1e-012,1e-012
1131.8,6105.8,6626,6854.9,6146.5,4945.8,7479.1,2962.8,2882,3151.4,56.2,2746.4,2836.4,2930.7,2459.7,2940.7,3408.4,2808.8,1191.5,1360.4,14.95,1616,1394,1851.3,1506,1007.3,1021.8,0.75,8.66,1e-012,0.1
1135.1,6046.6,6609.8,6784.6,6141.6,4915,7430.5,2916,2834.4,3127.4,37.7,2681.4,2795.6,2890.8,2436.5,2907.1,3362.7,2761.2,1172.1,1327.1,4.75,1560.7,1345.7,1829.3,1477.6,973.8,991.4,1e-012,5.14,1e-012,1e-012
1138.4,6049.9,6603.5,6837.9,6151.7,4868.7,7500.6,2925.9,2840.1,3111.5,30.45,2709.1,2792.4,2913.7,2416.3,2909.3,3337.4,2791.1,1175.5,1337.8,10.45,1586.8,1366.5,1817.8,1502.3,954.5,985.97,0.075,1e-012,1e-012,1e-012
1141.7,6008.8,6557.9,6818.3,6106.2,4862.7,7407.8,2916.2,2817.4,3105.6,31.7,2678.1,2769.7,2871.5,2402.8,2891.1,3306.1,2755.8,1172.3,1305,7.5,1552.5,1319.5,1782.3,1480.4,955.22,945.88,1e-012,0.54,1e-012,3.6
1145,6079.9,6644.8,6872,6148.5,4895.7,7468.9,2942.4,2849.1,3152.2,34.45,2698.8,2780.1,2890.7,2435.3,2922.2,3337.1,2794.2,1175.4,1332.3,5.75,1565.4,1334.4,1814.1,1509.7,965.22,987.3,1e-012,5.5,1e-012,1e-012
1148.3,6077.6,6652.3,6857.7,6162.7,4916.8,7493.4,2946.3,2842.6,3150.9,29.55,2724.7,2777.3,2880.6,2459,2897.1,3391.1,2789.2,1165.5,1353.3,12.6,1543.9,1354.6,1801.6,1493.6,970.46,977.15,1e-012,0.28,1e-012,1e-012
1151.5,6133.7,6729.6,6909.1,6180.7,4977.4,7559.2,2953.8,2900.9,3222.3,38.75,2747.7,2831.4,2902.2,2469,2968.3,3413.1,2842.2,1194,1358.2,3.25,1590.9,1398.7,1836.6,1501.8,986.78,1014.5,1e-012,0.34,1e-012,0.35
1154.8,6149.8,6723.1,6955.2,6259.1,5008.6,7662.3,2966.9,2898.8,3215.3,35.9,2775.7,2846.5,2958.7,2463.9,2984.9,3465.5,2839.5,1222.2,1348.5,13.8,1599.1,1382.2,1835.2,1503,994.62,1002.2,2.325,1e-012,1e-012,1e-012
1158.1,6215.6,6764.8,6995.5,6264.8,5019.8,7652.3,3046.4,2918.3,3247.6,58.1,2831.8,2895.7,2996.6,2531.3,3021.8,3502.9,2898.8,1230.2,1381,7.8,1636,1409.5,1856.1,1556.6,1015.2,1041.5,0.2,0.5,1e-012,1e-012
1161.4,6216.5,6771.4,6982.9,6284.6,5061.5,7703.5,3058.7,2952,3260.7,50.35,2820.8,2884,2996.4,2538.7,3041.2,3515.8,2928.2,1240.4,1364.3,13.75,1623,1422.9,1883.5,1533.4,1019,1002.6,1e-012,1e-012,1e-012,1e-012
1164.7,6237.6,6842.3,7037,6293.2,5066.2,7757.4,3081.9,2975.5,3297.7,50.9,2860.5,2901.4,3016.3,2534,3039.6,3543.2,2922.6,1254.4,1397.1,7.5,1652,1423.7,1899.1,1573.4,1014.4,1055.9,1e-012,0.02,1e-012,1e-012
1168,6210.1,6847.2,7023.3,6280.8,5080.7,7745,3043.3,2939.3,3260.6,53.3,2824.3,2904.6,3024.8,2525.6,3037.5,3570.7,2899.8,1242.3,1380.7,2.25,1619.3,1413,1880.8,1567.5,1011.4,1040.4,1e-012,0.32,1e-012,1e-012
1171.2,6282.1,6855.5,7051.1,6307.8,5105.8,7752.4,3045.6,2976.3,3286.6,35.85,2851.4,2904.8,3023.4,2580.5,3042.4,3537.7,2907.2,1249.3,1396.1,9.3,1647.7,1422.2,1890.2,1537.6,1022.6,1030,1e-012,0.18,1e-012,0.45
1174.5,6228.3,6878.2,7042.3,6289.6,5055.4,7705,3020.4,2946.8,3248.2,15.2,2817.3,2930.4,2995.8,2549.9,3020.6,3503,2868.8,1247.8,1389.9,2.45,1601.9,1396.4,1853.5,1549.5,1014.3,1023.3,1e-012,1e-012,1e-012,1e-012
1177.8,6203.7,6823.3,7050.8,6308,5071.3,7713.5,3031,2960.3,3270.4,70.8,2867.9,2926.2,3015.8,2517,3057.1,3491.3,2891,1252.9,1409.8,29.95,1639.5,1409.1,1860.3,1531.6,1017.4,1037.7,0.3,1e-012,1e-012,1.55
1181.1,6204.2,6812.4,7008.7,6279.6,5041.3,7662.8,3008.7,2933.4,3266.7,50.35,2809.8,2892.8,2983.6,2523.7,3010.2,3473.3,2882.3,1232.1,1375.1,16.5,1619.9,1396,1872.4,1523.4,1027.2,1009.2,1e-012,1e-012,1e-012,1e-012
1184.3,6224.7,6809.3,7024.3,6277.8,5099.4,7701.3,3000.2,2924.3,3273.7,42.55,2806.7,2886.3,3006.1,2512.9,3026.9,3514.5,2853.3,1225.2,1361.1,8.4,1625.9,1407.2,1847,1526.7,1000.9,1006.5,1.175,1.7,1e-012,1e-012
1187.6,6199.5,6777.4,7011.6,6261.5,5065.2,7662.5,2967.3,2914.7,3237.8,35.2,2776.8,2883,3023.8,2526.9,3019.2,3481.1,2843.5,1216.6,1368.7,3.65,1614.2,1393.6,1832.6,1503.3,992.48,985.65,0.15,0.22,1e-012,3.75
1190.9,6216.7,6834.5,7021.4,6321.7,5087.9,7610.9,3008.4,2944,3254.6,58.95,2790.1,2882.6,2963.5,2517.8,3001.7,3482.4,2846.6,1232.4,1361.8,3.75,1634.9,1383.3,1847.2,1508.7,998,997.92,2.225,1e-012,1e-012,1e-012
1194.2,6229,6794.3,7027.4,6309.8,5084.6,7637.9,3007.9,2926.9,3244.7,41.75,2784.3,2901,2972.6,2487.2,3000.3,3461.2,2845.3,1211,1346.2,9.1,1584.7,1363.7,1842.7,1515.6,987.54,993.22,1e-012,1e-012,1e-012,1e-012
1197.5,6249.8,6864.5,7121.5,6367,5129.2,7691.1,2995.1,2925.8,3259.4,46.5,2808.1,2930.7,2990.9,2553.7,3025.6,3469.1,2865.1,1197.3,1364.7,16.85,1586.6,1388.6,1831.8,1526.7,985.7,981.67,0.45,0.06,1e-012,1e-012
1200.7,6239.3,6851.5,7111.3,6329.2,5103.1,7716,2979.5,2922.9,3254.9,44.15,2809.6,2912.6,3003.1,2531,3050.6,3505.6,2871.1,1189.7,1343.2,5.75,1594.7,1371.2,1823.5,1518.7,974.26,984.13,1e-012,1e-012,1e-012,1e-012
1204,6310.3,6873.1,7150.9,6381.2,5190.1,7774.7,3020.6,2946.5,3255.1,64,2816.2,2926.1,3039.5,2551.9,3055.2,3518.2,2884.7,1240.4,1376.6,24.95,1623.2,1396.6,1860.5,1534.5,980.58,1004.7,0.075,4.86,1e-012,1e-012
1207.3,6302,6905.2,7147.2,6371.6,5164.6,7825.6,2985.6,2926.4,3275.7,37.15,2811.4,2922,3042.8,2545.1,3039.9,3500.3,2872.1,1230.7,1365.6,10.8,1595.2,1389.8,1852.9,1528.3,991.02,995.15,1e-012,1e-012,0.36,1e-012
1210.6,6367.7,6979,7212.9,6424.8,5196.2,7840.9,3033.1,2975.7,3345.1,38.5,2879.1,2970.5,3083.3,2547.9,3086.2,3466.3,2902.8,1248.6,1371.6,1e-012,1635.9,1391.6,1866.5,1551.7,1007.6,998.35,1e-012,0.22,0.82,1.05
1213.8,6362.9,6968.8,7286.5,6416.1,5262.8,7873.6,3050.7,2987.5,3310.7,51.9,2866.3,2950.4,3086.8,2593.9,3054.5,3526,2909.8,1253.1,1369.6,1.75,1638.1,1413,1869,1531.4,1007.7,982.08,1e-012,3.58,1e-012,1e-012
1217.1,6404.1,7029.6,7351.5,6479.3,5277.4,7954.3,3096.5,2991.3,3339.4,69.65,2914.9,3012.4,3132.8,2592.2,3123.1,3571.2,2938.3,1275,1380,10.05,1672.1,1459.9,1881.5,1565.8,1010.8,1023,1e-012,2.44,1e-012,2.85
1220.4,6447.7,7063.4,7351.6,6482.8,5271.8,7939.4,3093.3,2991.8,3365.8,33,2894.7,3022,3116.6,2617,3107.5,3598.8,2948,1251.3,1396.9,23.85,1679.9,1435.8,1896.4,1588.4,1019.3,1035.2,1e-012,0.92,1e-012,1e-012
1223.7,6498.7,7141.9,7442.7,6553.1,5296.5,8011.5,3133.8,3021.1,3393.9,59.1,2958.6,3018.4,3127.6,2653.6,3147.8,3669.6,2994.8,1277.5,1417.7,10.2,1688.7,1464.3,1917.9,1595,1045.5,1048.3,0.2,0.38,1e-012,0.45
1226.9,6520.5,7143.2,7439.9,6560.5,5311.7,8120.6,3130.9,3054.9,3406.2,35.05,2963.8,3025.4,3217.2,2642.4,3158.7,3671.4,2982.3,1300,1418,13.6,1695.1,1470.8,1914.6,1589.2,1048.5,1070.1,1e-012,1e-012,1e-012,1e-012
1230.2,6576.7,7219.3,7469.6,6585.8,5356,8117.4,3181.5,3079.5,3443,61.85,2994.8,3075.2,3210.9,2664,3192.5,3717.9,3028.1,1299.9,1450.8,25.7,1711.3,1471.6,1966.6,1610.9,1074.9,1041.3,0.25,3.04,1e-012,1e-012
1233.5,6586.9,7250.7,7489.5,6590.4,5354.7,8110.9,3167.9,3112.9,3458.5,39.65,2991,3052.1,3175.5,2677.2,3198.1,3704.5,3008.3,1298.7,1457.7,10.2,1728.1,1469.5,1976.7,1612.4,1076.6,1071.7,1e-012,1e-012,0.06,1e-012
1236.8,6636.3,7286.8,7496.5,6646.4,5396.4,8136.9,3199.5,3126.8,3468.3,70.85,3042.9,3071.8,3220.1,2696.3,3235.2,3765.1,3040.8,1320,1449.1,13.45,1727.3,1466.5,1981.2,1645.6,1064.3,1085.1,4.1,1e-012,1e-012,4.6
1240,6634.6,7276.1,7544.6,6642.2,5384.7,8151.3,3179.4,3121.4,3478.4,27.95,3028.6,3069,3241.7,2727.8,3220.3,3742.5,3020.5,1338.2,1465.7,22.2,1724.3,1497.3,1976.1,1636.7,1095.2,1074.9,0.3,1e-012,1e-012,1e-012
1243.3,6710.5,7289.8,7581.3,6659.3,5395.1,8187.5,3224.1,3136.3,3482.5,42.4,3046.8,3114.6,3221.9,2728.4,3242.1,3791.2,3053.9,1327.9,1479.4,23,1735.5,1504.9,1988.7,1660.3,1120.8,1081.3,0.225,1e-012,1e-012,1e-012
1246.6,6696.3,7291.5,7573.5,6631.9,5406.4,8205.3,3205.9,3143.3,3508.8,75.05,3056.4,3108.7,3231.6,2730.1,3262.5,3770.4,3047.1,1336.5,1467.9,1e-012,1740.2,1500.6,2001.2,1631.4,1089.1,1075,1.575,0.04,1e-012,1e-012
1249.8,6811.2,7370.8,7677,6719.8,5452.9,8204.5,3230.1,3161.2,3532.6,65.45,3095.3,3130.5,3248.5,2744.2,3272.9,3807,3079.9,1339.7,1453.2,19.45,1773.5,1537.3,2010.2,1663.8,1108.2,1106.8,1e-012,1e-012,1e-012,0.65
1253.1,6848.4,7353.4,7692.6,6774.3,5437.6,8211.3,3225.4,3141.6,3526.5,30.95,3051.6,3157.8,3260.6,2738.8,3234.9,3772.4,3054.8,1345.8,1495.6,1e-012,1748.6,1517.3,2018,1654.1,1074.3,1081,1e-012,1e-012,1e-012,1e-012
1256.4,6843.6,7409.9,7710.3,6784,5498.2,8252.5,3256.1,3171,3567.4,67.25,3050.5,3150.4,3273.9,2755.8,3254,3789.2,3074.9,1336.2,1493,17.5,1780.4,1542.5,2039.6,1682.5,1125.3,1100.8,0.825,0.82,0.04,1e-012
1259.7,6858.1,7398.3,7694.3,6740.4,5528.2,8277.3,3259.8,3150,3530.5,40.45,3066.5,3152.6,3283.1,2772.3,3243.8,3769.4,3076.8,1331.9,1486,0.15,1761.2,1499.7,2024.7,1675.4,1102.4,1079.9,1.075,1e-012,1e-012,1e-012
1262.9,6850,7418.3,7704.3,6798.5,5514.4,8286.8,3276.5,3188.4,3552.6,53,3062.5,3141.3,3281.7,2777.8,3304.7,3807.2,3097.8,1359.4,1506.9,15.2,1765.8,1520.9,2037.2,1685.4,1127.5,1106.8,1.45,1.8,1e-012,0.15
1266.2,6786.9,7437.5,7693.1,6749.9,5493.7,8286.2,3272.9,3175.5,3537.3,58.75,3070.4,3132.9,3279.7,2758.6,3282,3776.6,3124.9,1348.9,1472.8,1.45,1763.3,1516,2037.7,1683.3,1102.9,1088.3,1e-012,1e-012,1e-012,1e-012
1269.5,6796.2,7443.5,7702.1,6850.1,5519.3,8333.3,3299.7,3201.4,3561.7,66.7,3064.3,3153.9,3334.9,2780.9,3319.1,3801.9,3121.3,1355,1524.2,0.35,1796.8,1516.8,2063.3,1702.9,1112.2,1098.4,1e-012,2.82,0.24,4
1272.7,6817.3,7454.5,7708.7,6794,5485,8338.8,3275.4,3202.6,3542.6,68.05,3053.5,3163.9,3297.3,2762.6,3296.3,3791.6,3105.1,1349.9,1504.5,23.6,1784.8,1514.8,2042.5,1679.5,1138,1109.6,0.025,1e-012,1e-012,1e-012
1276,6858.8,7467.3,7715.6,6827.7,5529.9,8388.5,3336.5,3205.5,3572.3,51.6,3040.3,3183.8,3295.8,2794.3,3291.1,3849.7,3119.4,1366.3,1520.7,11.6,1804.5,1540.9,2055,1692.7,1116.1,1113.9,8.875,3.68,1e-012,1e-012
1279.3,6871.6,7471.8,7753.5,6786.6,5513.8,8362.4,3308,3170.1,3578.3,41.6,3065.1,3179.4,3322.9,2767.1,3297.3,3798.3,3119.1,1346.3,1501.7,5.95,1791.8,1538.9,2042.5,1686.3,1120.4,1095.5,0.1,0.16,1e-012,1e-012
1282.5,6914.8,7606.3,7785.9,6845.6,5548.1,8376.2,3301.1,3220.3,3582.7,47.1,3090.3,3208.8,3326.4,2801.2,3337.7,3841.1,3143.7,1366.8,1482.1,3.3,1801.7,1540.1,2037.4,1702.1,1136,1126.1,0.925,8.06,1e-012,1e-012
1285.8,6889.8,7499.1,7776.4,6814.9,5547,8377.7,3270.1,3182.2,3591.3,47.95,3097.6,3177.8,3342.4,2818.7,3318.7,3852.7,3108.7,1388.7,1496.3,10.05,1791.8,1552.9,2015.8,1690.8,1109.6,1126.1,1e-012,1.88,1e-012,1e-012
1289.1,6966.5,7520.5,7802.6,6833.8,5562.8,8407.1,3302.4,3206.9,3594,20.5,3096.3,3187.5,3339.4,2845.4,3308.5,3840.5,3141.6,1370.9,1524,18.85,1800.1,1547.7,2073.5,1686.4,1127.9,1129.1,0.475,1e-012,1e-012,1e-012
1292.3,6889.3,7577.5,7768.8,6846,5578.6,8433.5,3314.3,3200.5,3581.8,70.7,3102.7,3178.7,3343.3,2868.8,3324.1,3855.6,3144,1366.2,1492.3,10.9,1805.8,1537.5,2051.1,1684.2,1118.1,1091.2,1e-012,1e-012,1e-012,1e-012
1295.6,6928.9,7597.8,7830.5,6841.4,5614.4,8450.8,3293.4,3207.7,3617.2,41.5,3114.9,3212.9,3327.9,2843.6,3307.4,3867.2,3148.6,1383.3,1516.7,11.25,1798.8,1576.3,2073,1684.3,1117.8,1124.1,0.1,1e-012,1e-012,1e-012
1298.9,6939,7490.3,7787.5,6857.3,5586.9,8404.8,3275.4,3218.5,3577.2,53.15,3096.2,3199.2,3340.7,2823.2,3297.4,3881.1,3114.6,1371.3,1498.1,1e-012,1790.6,1546.9,2049.1,1684.3,1107.6,1101.6,1e-012,0.18,1e-012,1e-012
1302.1,6971.8,7512,7850,6869.9,5599.1,8411,3284.1,3193.2,3576.3,76,3114.9,3231.6,3340.9,2833.3,3344,3858.5,3152.8,1372.7,1510.2,19.6,1807.6,1576.6,2053,1695,1125.9,1105.5,1e-012,0.42,1e-012,1e-012
1305.4,6953.3,7545.3,7793.8,6813.3,5571.6,8388.8,3281.6,3193,3597.8,65.65,3100.8,3218.2,3334.7,2839.9,3309.5,3843.4,3134.4,1359.8,1504.7,5.8,1773.7,1545.6,2055.5,1676.1,1121,1105.4,1e-012,1e-012,1e-012,1e-012
1308.7,6941.5,7577.1,7837.4,6828.7,5586.2,8373.7,3268.5,3216,3606.6,50.45,3142.7,3216.9,3324.7,2845.7,3320,3872.9,3128.1,1387.3,1530.8,2.35,1787.1,1542.8,2055.5,1698.3,1111.5,1084.8,2.825,0.3,0.16,1e-012
1311.9,6951.4,7504.7,7812.8,6814.2,5542.5,8334,3246.4,3188.4,3604.7,38.35,3110.7,3173.1,3315.7,2816.7,3294.1,3876.3,3096.5,1378.2,1485.9,24.5,1779.8,1539.9,2020.6,1671.1,1101.6,1091.1,1e-012,0.12,1e-012,1e-012
1315.2,6943.2,7537.5,7857.9,6835.6,5585.7,8367.7,3270.3,3195.4,3585.7,33.5,3112.5,3189.2,3317.3,2797.1,3280.5,3846.8,3111.7,1378.6,1506.6,28.05,1784.2,1550.6,2028.9,1669.8,1109.8,1097.7,2.125,3.84,1e-012,2.45
1318.5,6908.8,7506.6,7769.6,6802.9,5564.3,8267.4,3223.1,3148.3,3565.3,93.75,3095.1,3169.9,3293.8,2792.9,3283.8,3813.2,3120.9,1346.8,1465.3,6.9,1773,1530.2,2023.9,1683.4,1107.8,1104,0.9,2.66,1e-012,1e-012
1321.7,6908.6,7465.4,7802.6,6827.3,5512.7,8300.8,3209.3,3169.7,3560.2,44.2,3099.2,3140.8,3293.1,2812.5,3267.4,3799.3,3085.3,1358.2,1485.7,9.3,1748,1528.6,2052.1,1670.4,1100,1085.2,1e-012,2.24,1e-012,1e-012
1325,6845.3,7437.7,7733.1,6767.7,5475.2,8288.1,3178.1,3135.9,3516.5,55.75,3079.3,3140.1,3269,2790.2,3251.7,3798.7,3042.3,1362.8,1455.1,0.2,1749.4,1502.6,1995.6,1639.7,1099.4,1077.3,1e-012,1e-012,1e-012,1e-012
1328.2,6859.3,7435.3,7687.1,6778.3,5458.7,8236.6,3214.1,3119.6,3522.7,39.45,3014.1,3128.7,3233.7,2776.4,3233.9,3781.2,3065.2,1350.6,1476.5,9.4,1744.6,1516.2,1994.2,1657.5,1120.5,1073.8,1e-012,0.04,1e-012,1e-012
1331.5,6802.5,7384,7633.6,6719.4,5413.1,8154.2,3197.5,3093.5,3479.8,38.85,3000,3096.8,3240.5,2745.9,3213.7,3732.4,3055.1,1320,1464.5,3.9,1707,1480.6,1988.5,1617.6,1075.4,1063.1,1e-012,0.16,1e-012,1e-012
1334.8,6772.4,7369.8,7607.1,6710.3,5423.8,8143.5,3180.4,3071.6,3473.6,51.95,2987.6,3081.8,3245.8,2736.5,3211.4,3718.9,3027.4,1318.2,1450.3,5.65,1720.6,1473.1,1977.7,1619.5,1079.3,1038.9,0.95,1e-012,1e-012,1e-012
1338,6713.1,7289.3,7511.1,6657.7,5371.6,8068.5,3158.8,3048.1,3464.9,60.15,2965,3035.2,3189.9,2700.5,3157.2,3669.4,2991.9,1281.8,1421.3,1e-012,1691.5,1456.1,1922.2,1625.1,1053.5,1035.2,1e-012,1e-012,1e-012,10.65
1341.3,6708.9,7264.8,7485,6566.6,5366.7,8086.3,3146.1,3035.2,3411.7,44.75,2927.9,3086.4,3205.4,2720.1,3164.4,3677.6,2993.9,1297.3,1427.8,2.4,1690.4,1447.5,1937.5,1594.5,1046.4,1024.4,0.025,1e-012,1e-012,1e-012
1344.6,6602.1,7171.4,7403,6519.8,5303.9,7964.1,3080.4,3004.5,3367.3,25.65,2878.7,3049,3163.5,2664.4,3103.5,3583.6,2950.8,1266.4,1393.6,6.25,1656.2,1419.3,1905.7,1571.4,1008,1001.7,1e-012,1e-012,1e-012,1e-012
1347.8,6582.6,7112.5,7338.9,6470.9,5245.5,7940.9,3055.5,3004.9,3352.8,36,2903,3008.9,3130.5,2656.6,3097,3585.2,2911.6,1255.1,1397.8,34.25,1664.1,1424.7,1878.9,1576,1018,1020.1,0.05,1.7,1e-012,1e-012
1351.1,6463.3,7057.6,7229.5,6383.8,5190.1,7857.4,3018.7,2902.9,3304.1,44.1,2838.6,2953,3078,2599.8,3059.8,3524.6,2847.5,1210.8,1361.1,21.8,1612.5,1382.5,1837.9,1517.5,1002.1,984.83,1e-012,1e-012,1e-012,1e-012
1354.3,6414.1,6981.5,7186.5,6319.7,5194.6,7731.5,3006.9,2879.5,3283.6,37.9,2817.7,2931,3063,2584.8,2991.1,3485.1,2839.3,1195.6,1356.3,0.95,1583.3,1363.6,1822.8,1517.5,997.58,973.03,0.975,0.8,1e-012,1e-012
1357.6,6244.8,6858.4,7028.8,6165.4,5041,7611.4,2912.2,2821.8,3172.7,44.7,2759.4,2871.8,2978.9,2520.4,2952.6,3359.8,2764.8,1179.8,1308.2,4.7,1552.3,1370.7,1787.9,1459.6,971.34,942.08,1e-012,0.24,1e-012,1e-012
1360.8,6201.7,6781.9,6970.4,6141.2,4992.8,7565,2863.3,2773.2,3156.4,22.75,2715.5,2817.9,2953.5,2493.9,2917.6,3336.5,2706.7,1177,1292.9,0.8,1554.5,1324.5,1764.3,1449.5,962.84,927.38,1e-012,0.16,1e-012,1e-012
1364.1,6112,6687.6,6862.7,6011.6,4933.2,7401.9,2824.9,2740.8,3098.7,25.65,2669.8,2748,2889.3,2447.6,2863.3,3276.6,2668.8,1145.9,1264.8,6.05,1516.4,1288.9,1722.9,1423.4,905.74,923.35,1e-012,1e-012,1e-012,1e-012
1367.4,6064.5,6659.6,6861.1,6016.2,4898.4,7320.2,2783.3,2714.6,3098.3,40,2653.8,2741.9,2883.9,2411.2,2811.1,3248.9,2644.4,1104.1,1244.3,26.75,1503.7,1271,1699.4,1403.4,912.56,933.42,0.075,1.3,1e-012,1e-012
1370.6,5976.7,6551.7,6707.2,5885.2,4801.4,7174.3,2711.6,2641.9,3021.6,36.2,2612.6,2670.7,2814.9,2377.5,2755.1,3189.5,2584.1,1103.5,1221.5,10.05,1448.9,1244.7,1656.2,1357.7,857.12,888.53,1e-012,0.06,1.64,1e-012
1373.9,5855.4,6423.5,6593.1,5762.2,4738,7043.1,2670.9,2594.8,2962.2,53.35,2574.7,2633,2746.5,2299.8,2690.7,3108.8,2524,1092.1,1178.5,6.7,1414.4,1257.5,1614.7,1322,872.24,855.47,0.025,1.18,1e-012,1e-012
1377.1,5663.6,6175.7,6344.6,5545.3,4553.9,6750.7,2554.6,2472.1,2835.2,38.3,2456.4,2519.2,2650.6,2225.8,2564.6,2992.9,2406.2,1018.5,1133.7,4.15,1359.1,1145.7,1529.8,1266.4,818.04,773.72,1e-012,0.28,1e-012,1.15
1380.4,5388.7,5951,6095.4,5378.3,4336.2,6519.4,2430.2,2394.4,2708.2,20.45,2378.7,2419.4,2538,2129.9,2493.7,2879.6,2313.8,989.3,1097.4,11.55,1307.9,1136.3,1465.7,1216.1,773.26,802.2,1e-012,2.36,1e-012,0.05
1383.7,5216.9,5736.4,5893.1,5176.5,4208,6319.5,2323.4,2290.9,2597.6,19.05,2260.4,2312.8,2437,2049.3,2401.7,2780.6,2225,949.34,1022.8,1.1,1280.5,1063.7,1400.2,1151.2,736.56,726.75,1e-012,0.32,1e-012,1e-012
1386.9,5148.8,5693.4,5825.2,5086.1,4152.9,6216.9,2296.4,2264,2559.4,22.1,2234.4,2276.5,2397.9,2028.3,2350.9,2723,2204.2,926.88,1030.2,33.45,1226.3,1060.3,1414.7,1148.6,737.7,751.17,1e-012,1e-012,1e-012,1.9
1390.2,5059.3,5623.2,5764.3,5024,4068.6,6092.4,2254.1,2210.7,2511.3,32.15,2183.9,2230.3,2352.6,2005.6,2299.2,2686.9,2143.9,911.8,998.8,1e-012,1185.7,1028.3,1338.5,1095.1,709.42,712.47,1e-012,0.52,1e-012,1e-012
1393.4,5002.4,5595.7,5647.4,4969,4037.6,5971.4,2188.5,2175.6,2497.8,19.45,2173.6,2185,2330.4,1936.3,2266.8,2656.2,2118,920.6,986.2,1.6,1167.9,1015.4,1336.5,1108,713.62,711.05,1e-012,1e-012,1e-012,1e-012
1396.7,4850.8,5451.3,5521.9,4889.8,3938.3,5886.3,2156.9,2124.2,2405,23.9,2109.9,2127.8,2239.3,1880.7,2220.2,2575,2056.9,862.82,955.2,4.7,1144.2,992.94,1266.6,1055.9,675.78,673.2,1e-012,1.22,1e-012,1e-012
1399.9,4786.7,5385.1,5405.8,4799.4,3859.1,5796.4,2091,2085.8,2345.5,27.3,2053.7,2070.4,2233,1852.3,2152.2,2522.7,2012.2,860.3,944.4,0.4,1108.4,961.7,1253.6,1034.3,650.64,648.85,5.9,0.36,1e-012,1e-012
1403.2,4629.6,5247.7,5240.9,4711.8,3725.7,5630.1,2057,1995.3,2248,34.8,1991.8,2005.1,2130.7,1772.1,2099.5,2432.1,1942,816.7,897.48,0.6,1060.4,938.38,1200.6,977.24,627.6,633.15,1e-012,1.9,1e-012,1e-012
1406.4,4489.3,5161,5077.4,4585.3,3656.4,5490,1986.2,1960,2192.3,20.75,1938.8,1958.2,2085.4,1764.4,2057.8,2353.1,1906,775.36,866.98,3,1020.2,890.66,1166.3,982.6,601.48,629.88,1e-012,1e-012,1e-012,1e-012
1409.7,4375.2,5043.8,4903.1,4434.8,3527.6,5353.9,1933.1,1867,2160.3,30.2,1890.9,1877.7,2016.4,1645.5,1973,2282.1,1830.1,750.7,834.26,4.55,956.5,856.82,1115.3,935,572.7,578.35,0.125,0.08,1e-012,1e-012
1412.9,4287.9,4935.5,4766.8,4373.7,3452.9,5272,1879.9,1837.2,2073.2,32.25,1799.5,1828.4,1930.9,1608.4,1918.5,2190,1772.5,743.88,812.8,1e-012,955.96,820.06,1085.6,893.86,566.62,575.85,1e-012,1e-012,1e-012,6.65
1416.2,4169.8,4814.2,4666.1,4258,3378.4,5101.2,1812.4,1748.7,2011.9,3.3,1765.7,1798.6,1878.6,1550.6,1839.3,2117.4,1721.8,698.9,777.8,8,934.32,800.86,1035.7,856.1,507.6,542.4,1.825,1e-012,1e-012,1e-012
1419.4,4092.7,4758.3,4550.8,4182.2,3315.9,5000.8,1784.2,1718.2,1946.8,34.7,1722.7,1738.4,1835.7,1544.7,1799.2,2083.8,1679.1,684.38,757.32,0.4,888.66,770.04,1019.6,851.02,508.26,518.63,1e-012,0.32,1e-012,1e-012
1422.7,3952.5,4635,4415.7,4108.4,3218.1,4905.7,1704.8,1668,1874.8,12.3,1664,1666.4,1767.3,1476.3,1752.7,2007.8,1606.8,656.1,749.18,1e-012,855.82,733.64,971.38,795.32,509.26,477.88,1e-012,1e-012,1e-012,1e-012
1425.9,3922.9,4599,4372.8,4033.5,3180.9,4851.1,1685.3,1634.1,1847.8,26.85,1617.8,1628.1,1767,1453.4,1712.3,1971.2,1600.8,654.06,716.9,1.4,855.12,724.94,978.2,797.02,456.02,479.25,5.7,1e-012,1e-012,1e-012
1429.2,3830.6,4504.6,4279.2,4004.8,3141,4751.9,1631.6,1571.7,1800,10.15,1561.9,1593.8,1694.3,1412.4,1667.9,1919.3,1555.3,610.84,667.58,2.5,831.02,691.6,934.08,744.48,446.68,450.75,1e-012,1e-012,1.24,1e-012
1432.4,3792.4,4494.7,4266,3953.4,3119.3,4762.7,1620.6,1577.5,1779.8,37.05,1568.9,1601,1710.8,1400.9,1664.5,1919.2,1550.8,603.08,683.26,7.6,822.76,692.14,914.84,742.94,432.44,465.5,1e-012,0.3,1e-012,1e-012
1435.7,3745.4,4434.3,4224.9,3899.9,3055.5,4670.7,1597.2,1573.3,1767,49.15,1556.8,1559.8,1711.2,1385.4,1651,1878.9,1501.4,596.44,678.14,3.85,769.82,684.58,922.14,738.52,430.88,443.48,1.575,1e-012,1e-012,1e-012
1438.9,3765.2,4435,4216.9,3897.4,3079,4693.9,1591.9,1574.5,1779.1,12,1551.9,1581.5,1673.3,1380.5,1651.2,1899.8,1511.1,612.62,681.14,1e-012,794.42,671.64,917.22,732.5,422.8,468.5,1e-012,1e-012,1e-012,1e-012
1442.2,3732,4449.9,4191.5,3850.8,3073.7,4672.4,1599.7,1572.1,1750,40.65,1533,1571.6,1683.6,1367.4,1634.2,1878.5,1521.1,594.38,679.32,7.05,793.48,673.26,911.12,756.22,439.26,461.75,1e-012,1e-012,1e-012,1e-012
1445.4,3777.2,4453.6,4194.8,3912,3089.5,4710.4,1626.9,1598.5,1773.5,28.85,1561.4,1576.6,1694.5,1402.3,1679.1,1874.5,1557.6,602.86,666.62,0.75,820.94,693.42,912.02,736.64,459.44,471.42,1e-012,4.16,1e-012,0.25
1448.7,3748.6,4434.9,4197.2,3897,3077,4661.1,1598,1566.1,1772.1,12.85,1549.3,1578.8,1698.7,1389.6,1658.2,1894.6,1529.6,616.94,665.04,0.55,786.18,688.38,908.62,755.22,475.48,442.95,1e-012,2.46,1e-012,1e-012
1451.9,3776.4,4450.6,4209.7,3928.2,3091.7,4720.9,1638.1,1608.2,1791.9,25.6,1573.5,1594.7,1689.9,1406.8,1682.7,1910.7,1563.9,644.66,690.92,7.75,810.94,706.08,919.18,780.1,476.22,476.95,1e-012,0.2,1e-012,1e-012
1455.2,3757.3,4455.1,4206.2,3881.7,3068.3,4643.1,1633.2,1594.9,1779,29.05,1567.2,1588.5,1701.9,1414.3,1652.9,1911.6,1553.7,621.64,664.96,11.25,808.26,718.98,913.44,737.4,476.1,467.17,0.75,0.46,1e-012,0.45
1458.4,3782.3,4440.6,4234.8,3888.6,3095.9,4744.8,1636.2,1618.3,1794.6,26.45,1599,1590.7,1707,1427.2,1677.4,1907.6,1556.8,628.06,684.28,10.45,812.32,712.94,940.28,777.66,477.5,482.25,0.5,1e-012,1e-012,0.2
1461.7,3784.8,4440.3,4232.1,3878.5,3078.9,4731.4,1613.2,1609.8,1797.2,28.7,1593.9,1588.1,1709.6,1392.5,1662.7,1888.1,1540.5,636.5,686.1,1e-012,816.44,729,942.02,756.24,466.28,474.3,1e-012,1e-012,1e-012,1e-012
1464.9,3810.1,4443.3,4234.6,3922.2,3094.9,4692.5,1635.9,1625.5,1830.8,4,1592.1,1613.4,1716.6,1408.4,1698.8,1928.2,1566,645.28,702.76,1e-012,816.12,715.76,942.64,781.04,476.88,484.98,0.2,0.34,1e-012,1e-012
1468.2,3830.9,4448.6,4248.9,3917.9,3087,4661.2,1656.6,1614.4,1819.3,35.2,1594.7,1591.7,1712.1,1402.7,1678,1930.6,1536.1,619.42,701.5,0.65,813.72,711.2,931.04,782.52,465.68,482.38,0.15,1e-012,1e-012,1e-012
1471.4,3828.7,4460,4290.8,3929.2,3121,4681.4,1646.6,1626.4,1827.6,29.05,1608,1613,1727.3,1423.2,1689,1955,1574.6,622.08,730.52,1e-012,832.82,734.86,937.38,770.26,475.24,494.08,3.95,1e-012,1e-012,1e-012
1474.7,3843.3,4485.7,4320.5,3949.1,3121.8,4693.6,1664.5,1630,1838.9,30.15,1593,1617,1724.6,1413.7,1686,1953.2,1563.2,635.9,693.4,1.2,842.26,725.06,948.3,779.26,473.92,499.25,1e-012,1e-012,1e-012,1e-012
1477.9,3898,4522.2,4388.1,3969.7,3125.7,4710,1691.3,1631.1,1857.9,52,1608.8,1628.4,1747.6,1450.1,1711.2,1974.2,1597.6,665.18,707.58,19.1,824.78,741.46,978.66,786.62,484.42,495.2,1e-012,6.58,0.48,1e-012
1481.2,3883.9,4494.7,4359.8,3968,3134.5,4756,1674.6,1618.3,1845.8,29.5,1622.3,1623.2,1745.6,1440.2,1704.2,1981.9,1573.6,645.2,720.04,1e-012,834.1,718.04,945.24,786.24,477.14,502.3,1e-012,1.94,1e-012,1e-012
1484.4,3897.2,4511.5,4397.5,4008.3,3147.3,4772,1689.3,1643,1898.3,30.85,1653.8,1645.5,1765,1447.5,1737.4,2010.4,1608.6,661.36,729.96,26.65,856.6,737.4,981.2,820.18,502.4,509.48,1e-012,1e-012,0.82,1e-012
1487.6,3942.4,4519.1,4410.3,3990,3181,4728.5,1689.2,1639.5,1878.8,14.95,1645.9,1664.4,1781.3,1477.2,1732.1,2029.4,1598.5,646,698.86,6.6,837.4,722.38,972.2,817.78,488.7,505.38,1e-012,1e-012,1e-012,1e-012
1490.9,3939.8,4566.5,4497.7,4024.8,3188.9,4753.7,1718.3,1684.4,1908.4,14.3,1668,1672.7,1773.2,1484.4,1740.3,2040.9,1622,674.4,734.64,0.45,849.62,764.64,978.54,801.96,489.72,539,1e-012,1.74,1e-012,1e-012
1494.1,3956.9,4553.7,4477.9,4046.8,3185.5,4778.1,1705.3,1664.9,1885.8,14.25,1661.8,1688.5,1796.9,1495.8,1729.6,2047.2,1628.6,670.7,717.04,2.75,858.82,751.76,990.5,811.62,492.52,515.55,1e-012,0.1,1e-012,1e-012
1497.4,3996.4,4591.6,4534.1,4095.1,3231.9,4858.9,1745.2,1676.8,1927.1,14,1684.9,1689.3,1812.7,1508,1755.4,2059.6,1634,683.18,737.66,4.85,869.22,767.96,990.24,839.9,530.4,531.3,0.15,0.18,1e-012,1e-012
1500.6,4028.9,4586.9,4567.1,4088.7,3229.7,4821.6,1731,1686.5,1919.1,47.9,1686.2,1716.1,1825.5,1524.2,1765,2055.7,1666.7,688.82,711.2,8.9,851.28,774.94,1015.9,814.08,521.78,530.97,1e-012,1e-012,1e-012,1e-012
1503.9,4067.8,4623.6,4630.1,4121.8,3312.3,4906.9,1763,1707.6,1952.4,57.85,1703,1708.3,1826.3,1530.8,1782,2079.7,1645.9,698.32,737.64,2.15,897.38,750.34,999.3,837.68,530.26,531.78,1e-012,3.02,1e-012,1e-012
1507.1,4059.4,4648.5,4661.1,4140.8,3274.5,4916.7,1771.7,1706.5,1966.9,36.55,1707.7,1695.3,1845.1,1528.8,1797.5,2097.1,1660.9,684.14,742.6,1e-012,863.42,768.84,995.96,840.54,522.16,518.78,1e-012,1e-012,1e-012,1e-012
1510.3,4112.6,4697.8,4655.8,4178.1,3320.2,5012,1752.9,1709.3,1973,12.8,1715.3,1759.6,1844.9,1556.9,1780.9,2089.3,1686.6,719.4,747.44,1e-012,892.92,784.5,1030.9,841.36,530.08,532.1,1e-012,2.06,0.98,0.4
1513.6,4133.5,4656.9,4717.5,4181.7,3357.9,5023.7,1764.4,1696.4,1965.3,39.2,1726,1750,1854.3,1586.4,1812.5,2087,1669.1,689.3,746.7,8.3,897.88,781.52,1055.9,847.1,539.44,526.35,1e-012,0.16,1e-012,0.45
1516.8,4152.7,4712.2,4762.8,4200.3,3392.5,5055.4,1771.5,1722.4,2002.3,23.4,1774.9,1784.5,1882,1581.8,1840.6,2153.1,1688.9,719.4,759.72,9.55,891.54,784.94,1046.2,848.42,531.74,558.7,1e-012,1e-012,1e-012,1e-012
1520.1,4154.7,4698.6,4757.1,4223.4,3395.9,5054.4,1768.5,1721.6,2000.3,10.2,1746.8,1767.3,1864.1,1572.6,1831.5,2120.5,1697.5,689.1,759.92,1e-012,922.3,781.84,1031.1,852.88,546.56,550.2,1e-012,0.14,1e-012,1e-012
1523.3,4183.2,4711.8,4784,4252.9,3444.3,5096.3,1812.6,1740.7,2003.6,9.45,1758.2,1808.2,1898.3,1618.7,1842.7,2172.5,1708.4,709.8,777.62,9.35,905.6,786.36,1066.8,845.02,539.52,543.7,1e-012,0.02,1e-012,1e-012
1526.5,4158.3,4700.4,4767,4260.6,3439.6,5105.1,1785.9,1739.4,2001.9,28.95,1748.2,1839.5,1880.9,1599.8,1838.5,2160.1,1713.5,690.48,774.56,2.8,910.76,774.9,1046.3,854.46,526.94,527.22,0.475,1.12,1e-012,1e-012
1529.8,4169.5,4746.5,4819.4,4262.1,3464.1,5134.9,1823.9,1772.8,2034.5,24.6,1750.7,1805.3,1923,1633.3,1868.5,2164.9,1732.3,700,788.52,1e-012,926.36,793.02,1056.4,850.26,532.36,545.9,1.175,10.3,1e-012,1e-012
1533,4174.5,4732.4,4780.9,4290.3,3464.9,5147.8,1827.3,1756.2,2028.1,22.8,1770.3,1838.9,1918,1611.6,1863,2152.6,1724.3,680.38,762.14,1e-012,918.14,773.94,1058.2,826.94,522.82,531.85,1.525,2.26,0.62,1e-012
1536.3,4199.3,4760.8,4821,4303.2,3480.6,5218.1,1864.4,1787.5,2032.9,7.35,1784.2,1829.8,1927.1,1619.1,1869.3,2150.5,1710.3,700.78,781.1,3.55,919.16,790.74,1070.1,875.36,526.72,539.95,1e-012,8.98,1e-012,1e-012
1539.5,4207.4,4719.1,4803.5,4302.1,3518.9,5176.9,1859.2,1778.2,2038.1,34.25,1794.9,1835.8,1922.8,1603,1866.1,2116.4,1715.5,699.66,774.46,0.7,906.74,774.7,1069.8,852.8,510.94,561.72,1e-012,8.04,1e-012,1e-012
1542.7,4210.6,4742.1,4835.3,4340,3506.1,5207.2,1859.2,1794.1,2048.5,48.8,1780.5,1863.2,1942.2,1614.8,1867.8,2174.1,1725.6,701.54,772.96,1e-012,928.88,792.44,1063.3,874.94,540.04,556.83,1e-012,1e-012,1e-012,1e-012
1546,4179.5,4705.7,4803,4299.7,3531.8,5218.9,1829.6,1789,2029.4,15.9,1771.5,1845.2,1920.8,1607.8,1856.9,2138.2,1715.1,694.26,768.74,7.9,935.02,776.32,1068.1,848.76,533.38,548.92,1e-012,1e-012,1e-012,1e-012
1549.2,4216.4,4739.4,4847.2,4298.7,3510.7,5245.7,1838.6,1789.4,2035,37.65,1806,1866.2,1942.8,1653.2,1867.9,2131.4,1716.2,713.1,778.86,1e-012,912.5,792.62,1094.1,853.18,522.22,548.35,1e-012,1e-012,1e-012,1e-012
1552.4,4191.3,4709.4,4825.9,4292,3528.4,5184.1,1848.8,1810,2052.7,1.2,1755.3,1843.7,1907.3,1626.8,1855.2,2149.5,1690.5,682.84,767.7,8.1,923.3,780.26,1062.9,833.16,529.62,530.13,1e-012,1e-012,1e-012,1e-012
1555.7,4181.2,4687.7,4803.4,4282,3531,5177.6,1840.7,1819,2060.6,22.45,1774.4,1854.6,1944.3,1629.6,1861.8,2165.6,1718,699.22,771.96,1.45,931.12,784.56,1074.9,859.28,513.24,565.08,1e-012,3.82,1e-012,1e-012
1558.9,4192.4,4692.2,4787.8,4259.7,3502.7,5136.8,1828.9,1810.8,2056.2,30.9,1751.4,1834.5,1917.8,1617.6,1867.3,2135.9,1709.1,665.16,757.32,1.8,924.62,788.76,1054.4,850.44,518.26,552.88,1e-012,1e-012,1e-012,1e-012
1562.2,4158,4689.2,4779.6,4281,3525.8,5142,1822.2,1803.6,2065.5,22.9,1755.2,1868,1944.1,1619.8,1868.2,2132.7,1716,709.7,784.46,0.7,959.9,794.56,1071.7,871.48,517.66,559.63,1e-012,0.02,1e-012,1.2
1565.4,4146.4,4639.3,4782.9,4219.2,3528,5092.6,1803.4,1800.6,2048.8,7.6,1745.7,1843.4,1914.8,1607.8,1846.3,2150.1,1694.9,699.18,745.64,1e-012,918.64,758.54,1060.4,845.54,507.26,534.97,1e-012,1e-012,1e-012,1e-012
1568.6,4115.7,4638.2,4791.4,4234.9,3505.8,5082.7,1838.7,1799.1,2072.1,22.3,1762,1837.5,1911.9,1604.7,1856.6,2155.9,1711.5,691.36,779.18,0.7,949,803.86,1064.3,852.36,514.38,544.13,1e-012,1e-012,1e-012,1e-012
1571.9,4109.5,4569.3,4750,4221.9,3496.6,5050.7,1813.1,1798.2,2078.1,16.9,1756,1836.2,1910.3,1597.2,1843.5,2121,1691.2,687.44,758.22,1e-012,927.92,783.72,1033.4,848,498.9,514.65,1e-012,1e-012,1e-012,1e-012
1575.1,4096.9,4578.3,4741.1,4222.7,3459.9,5023.5,1801.7,1776,2073.9,20.8,1762.8,1835.4,1903.3,1611.5,1853.4,2140.9,1676,671.38,747.72,1e-012,912.94,779.84,1027.5,851.64,518.06,520.55,1e-012,1.56,1e-012,1e-012
1578.3,4026.3,4566.5,4678.6,4191.4,3467.5,4983.1,1810.4,1777.9,2049,27.7,1755.3,1830.1,1903.3,1608.1,1848.2,2119.5,1663.2,687.54,752.06,1e-012,897.7,785.48,1016.1,821.48,502.66,512.7,1e-012,1e-012,1e-012,1e-012
1581.6,4005.7,4539.1,4726,4169.8,3448.5,5014.2,1807.1,1768.4,2072.5,15.1,1755.3,1831.9,1910.6,1630.8,1830.3,2098.8,1662.5,672.98,762.22,1.85,912.38,765.86,1025.9,847.44,509.78,533,1e-012,1e-012,0.64,1e-012
1584.8,3995.5,4503.9,4700.6,4147.7,3419.7,4965.8,1785.2,1768.7,2045,7.55,1761.6,1807.3,1898.3,1610.8,1827,2100.4,1671.4,664.06,729.6,4.85,875.5,741.78,1009.6,823.44,503.26,509.67,1e-012,1e-012,1e-012,1e-012
1588,4013,4493.7,4686,4126.6,3418.5,4976.6,1815.9,1752,2061.2,20.5,1762.5,1806.1,1889.4,1593.8,1791.6,2118.9,1664.7,665.56,714.58,1e-012,900.38,780.16,1018.9,847.02,510.6,543.42,0.1,0.04,1e-012,1e-012
1591.3,3994.3,4439.7,4652.2,4109,3384.4,4969.2,1802.6,1756.3,2051.9,8.2,1743,1796.3,1866.2,1586.9,1774.8,2071.7,1628.1,663.08,728.18,1e-012,882.06,774.28,1013,825.24,480.26,499.02,1e-012,1e-012,1e-012,1e-012
1594.5,3996,4451.7,4658.7,4086.4,3368.7,4933.7,1783.8,1712.2,2038.3,22.45,1764.8,1794.1,1867,1585.3,1793.6,2074.9,1602.6,660.14,718.42,1e-012,883.48,767.9,1030.1,840.44,499.06,517.45,0.075,1e-012,0.48,1e-012
1597.7,3956.1,4402.5,4649.1,4054.1,3347.6,4909.6,1741.4,1685.1,2008.6,8.35,1725.8,1774.6,1850.8,1565.3,1765.2,2016.4,1592.7,635.12,688.02,0.4,878.44,750.64,996.04,825.14,487.24,496.92,1e-012,1e-012,1e-012,1e-012
1600.9,3944.4,4426.9,4640.6,4048.1,3313.2,4905.8,1757.9,1679.1,1997,19,1713.1,1738,1826,1569.1,1754.7,2030.1,1599.2,633.3,713.58,1e-012,865.64,762.78,1003.2,817.62,505.04,527.67,1e-012,1e-012,1e-012,1e-012
1604.2,3879.8,4349.8,4589.7,3988.7,3290.9,4830.2,1712.9,1659.4,1972.9,11.75,1708.4,1745.8,1820.7,1537.4,1697.1,1989.8,1562.7,639.66,694,1e-012,862.02,732.32,952.1,805.72,457.98,470.58,1e-012,1e-012,1e-012,1e-012
1607.4,3887.7,4304.9,4581.5,3965.4,3273.1,4816.7,1692.9,1631.9,1937.7,15.2,1664.6,1740.8,1810.7,1482,1693,1973.3,1532.8,637.64,671.92,4.45,843.72,745.92,965.02,803.56,462.12,467.33,1e-012,1e-012,0.22,1e-012
1610.6,3811.5,4243.2,4548.4,3869.8,3213.9,4722.1,1677.4,1593.4,1878.3,0.65,1614.1,1643.1,1766.4,1470.6,1642.2,1902.8,1524.5,607.1,654.84,0.5,829.06,711.68,930,788.12,441.24,445.75,1e-012,1e-012,1e-012,1e-012
1613.9,3788.3,4218.3,4485,3838.4,3173.7,4638.2,1623.1,1567.3,1856.9,18.15,1596.8,1641.2,1728.1,1447.3,1638.6,1913.4,1488,585.76,644.9,0.85,835.2,712.94,934.72,767.02,445.98,443.73,1e-012,1e-012,1e-012,1.35
1617.1,3685.1,4132.7,4399.3,3757.8,3120.2,4507.1,1563,1515.7,1790.2,20.2,1537,1620,1704.8,1412.9,1588.4,1848.8,1462.7,593.18,614.72,0.35,804.22,686.38,896.26,732.68,414.64,429.88,1e-012,1e-012,1e-012,1e-012
1620.3,3626.8,4084.7,4345.9,3684.8,3040.6,4453.8,1519.4,1479.8,1745.6,25.35,1527,1588.2,1704.8,1419.3,1593.3,1830,1441.5,580.48,637.14,1e-012,808.84,687.54,896.46,727.16,414.92,417.2,1e-012,1.24,1e-012,1e-012
1623.6,3522.9,3983.2,4256.6,3621.5,2992.1,4316.8,1496.1,1416.5,1704.2,20.15,1480,1518.1,1626.4,1368.6,1546,1818.7,1396.6,545.82,619.1,0.5,752.84,644.6,849.58,675.12,404.68,399.63,1e-012,1e-012,1e-012,1e-012
1626.8,3509.4,3859.4,4207.2,3546.1,2939.2,4259.9,1436.3,1367.3,1689.2,25.95,1455.8,1506.7,1603,1357.2,1550.4,1750.4,1396.2,574.2,602.76,1e-012,747.8,621.64,824.46,679.06,389.96,398.4,1e-012,1.26,1e-012,1e-012
1630,3379.3,3763.8,4073.9,3440.4,2868.1,4119.9,1371.1,1369.3,1624.5,1e-012,1319.5,1472.9,1569.3,1314.6,1474.1,1738.9,1336.7,529.44,564.54,4.45,718.44,607.4,788.94,636.5,348.86,367.67,1e-012,1e-012,1e-012,1e-012
1633.2,3323,3710,3977,3380.6,2805.7,4044.4,1345.3,1329.6,1579.6,15.8,1379.9,1454.6,1525.8,1335.4,1462.4,1711,1332.7,528.1,554.16,1.1,722.02,588.36,761.04,620.52,350.26,342.63,1e-012,1e-012,0.66,1e-012
1636.5,3215.8,3589.5,3838.7,3260.6,2698.8,3923.8,1324.4,1267.1,1518.8,1e-012,1357.5,1421.4,1511.7,1239.1,1417.1,1674.3,1293.2,503.02,538.74,0.75,691.8,551.36,765.14,589.84,304.74,323.23,1e-012,1e-012,1e-012,1e-012
1639.7,3111.1,3469.3,3774.3,3175.3,2665.6,3800.1,1263.5,1233.7,1503.1,2.5,1317.8,1400.7,1480.6,1270.7,1417.9,1618.8,1268.7,483.64,517.86,1.85,674.94,540.18,723.32,573.08,324.62,315.17,1e-012,1e-012,1e-012,1e-012
1642.9,2984.9,3314.4,3598.9,3099.7,2564.2,3645,1203.4,1182.7,1428.6,20.95,1259.8,1338.3,1415.3,1195.1,1334.9,1551.3,1186.7,449.54,505.9,1e-012,626.52,525.36,675.78,533.12,270.14,297.92,1e-012,1e-012,1e-012,1e-012
1646.1,2823.9,3184.4,3442.8,2919.1,2461.3,3490.1,1151.7,1115.4,1377.9,8.75,1189.1,1284.8,1349.3,1143.4,1287,1469.7,1148.5,422.58,473.92,0.2,589.88,480.8,629,510.04,283.74,244.8,1e-012,1e-012,1e-012,1e-012
1649.4,2576.5,2912.1,3148.2,2688.6,2237.2,3246.8,1069.3,1033.9,1271.8,11.55,1125.5,1180.1,1264.7,1063.8,1190.1,1338.4,1045.3,371.38,406.52,2.45,535,424.58,577.4,445.9,227.26,217.05,1e-012,1e-012,1e-012,1e-012
1652.6,2284.5,2600.3,2809.1,2403.6,2006.4,2879.6,944.92,909.5,1147,24.8,994.86,1070.9,1103.6,931.08,1062.8,1186.3,936.14,319.98,384.7,1e-012,476.78,385.12,494.38,393.2,200.96,205.77,1e-012,1e-012,1e-012,1e-012
1655.8,1909.4,2173,2372.6,2007,1694.3,2425.8,738.9,735.26,943.88,10.4,803.9,885.14,911.72,772.88,864.92,987.17,732.02,257.7,281.82,1e-012,369.34,290.78,385.9,307.84,140.34,138,1e-012,1e-012,1e-012,1e-012
1659,1542.8,1745.8,1923.1,1647.4,1390.8,1985.1,603.63,609.64,749.88,16.85,649.38,710.24,744.8,630.2,680.06,781.45,594.52,230.16,234.06,1e-012,276.86,228.44,313.66,226.28,108.06,79.25,3.325,0.16,1e-012,1e-012
1662.3,1187.6,1341.9,1487,1282.6,1091.6,1508.7,445.17,423.26,577.88,12.95,498.14,548.08,549.63,456.95,526.54,546.45,434.7,123.14,155.5,1e-012,199.78,159.38,201.72,154,40.68,43.675,1e-012,1e-012,1e-012,1e-012
1665.5,888.18,1044.9,1138.1,974.74,850.4,1145,332.33,328.28,412.76,6.6,340.18,396.54,417.13,336.52,349.34,446.95,313.08,98.54,105.44,1e-012,143.46,107.88,134.86,110.1,36.36,26.3,0.5,0.18,1e-012,1e-012
1668.7,675.64,768.96,842.32,731.08,627.68,825.38,213.25,228.34,284.66,0.05,229.08,284,297.58,214.07,258.14,305.83,220.12,56.2,59.6,1e-012,76.76,64.4,92.98,63.56,8.98,5.775,1e-012,1e-012,1e-012,1e-012
1671.9,527.26,631.84,668.98,582.6,468.9,661.13,177.65,173.98,193.82,1e-012,157.34,196.22,208.85,182.98,204.76,219.43,166.24,49.46,50.58,1e-012,54.7,43.92,73.62,36.48,19.42,18.15,1e-012,1e-012,1e-012,1e-012
1675.2,403.08,485.5,512.52,443.3,335.64,478.7,100.97,89.36,153.96,0.8,84.72,130.02,139.77,115.95,129.76,157.35,106.88,32.12,16.22,0.4,21.94,21.04,27,16.26,1.14,1.05,1e-012,1e-012,1e-012,1e-012
1678.4,311.8,369.8,395.22,331.88,296.72,345.08,73.525,84.22,87.76,1e-012,90.22,92.66,101.03,86.05,87.42,116.63,70.16,27.3,27.2,1e-012,27.84,20.38,36.4,21.4,2.24,1.225,1e-012,1e-012,1e-012,0.1
1681.6,243.54,293.2,318.04,261.62,199.22,297.05,61.65,41.24,70.96,2.25,38.94,61.54,77.775,80.975,61.98,88.725,56.06,7.42,4.22,1e-012,9.94,9.38,15.66,10.76,1e-012,1e-012,1e-012,1e-012,1e-012,1e-012
1684.8,203,238.6,239.54,202.08,177.9,236.5,50.1,47.8,50.68,6.6,35.22,42.72,95,47.1,59.64,65.55,62.6,9.44,4.9,0.1,14.44,6.76,22.16,2.78,0.78,1e-012,1e-012,0.02,1e-012,1e-012
1688,137.3,170.92,183.86,165.68,135.12,167.5,30.65,18.36,26.14,1e-012,25.06,32.36,56.1,27.2,25.4,59.675,20.7,9.98,3.36,1e-012,1.14,6.48,4.64,0.62,0.28,2,1e-012,1e-012,1e-012,1e-012
1691.3,126.3,148.36,147.72,127.72,111.6,156.57,39.475,14.6,26.68,6.25,24.36,24.28,37.675,34.375,21.36,45.075,21.56,4.54,1.74,0.6,0.04,3.66,12.32,9.24,0.02,0.15,1e-012,1e-012,1e-012,1e-012
1694.5,73.28,128.04,127.4,85.84,75.36,111.05,23.675,2.6,22.24,21.95,7.52,19.04,11.45,24.725,20.04,29.2,15.66,11.74,1e-012,1e-012,1.56,0.54,0.72,1e-012,1e-012,1e-012,1e-012,1e-012,1e-012,1e-012
1697.7,62.46,95.58,122.54,97.82,75.88,104.82,13.05,9.94,18.72,8.85,19.96,24.16,31.95,23.65,17.88,26.675,10.68,7.36,0.02,0.6,10.4,1.28,2.12,0.02,1e-012,1e-012,1e-012,0.7,1e-012,1e-012
1700.9,73.12,86.5,88.32,72.18,74.98,59.275,22.3,5.82,13.68,15.1,19.12,16.82,7.85,11.725,3.5,2.95,10.9,0.32,2.7,1e-012,0.14,0.6,1e-012,4.28,0.14,1e-012,1e-012,1e-012,1e-012,1e-012
