##TITLE=Benzene, 1,3-dichloro-
##JCAMP-DX=5.01
##DATA TYPE=MASS SPECTRUM
##DATA CLASS=XYDATA
##ORIGIN=consensus spectrum of 1 spectra per analyte, MPIMP ID and isotopomer, with majority threshold = 60%
##$CITATION=NA
##OWNER=Golm Metabolome Database (GMD) http://gmd.mpimp-golm.mpg.de/
##VERSION= 21.Nov.2011 21:57 hummel
##$GMD ANALYTE LINK: http://gmd.mpimp-golm.mpg.de/Analytes/46536a91-5c63-4685-94e2-e2fab9c3b34d.aspx
##$GMD MASS SPEC NO ='http://gmd.mpimp-golm.mpg.de/Analytes/46536a91-5c63-4685-94e2-e2fab9c3b34d.aspx'
##CAS REGISTRY NO=541-73-1
##MOLFORM=C6H4Cl2
##MW=147
##XUNITS=M/Z
##YUNITS=RELATIVE ABUNDANCE
##XFACTOR=1
##YFACTOR=1
##FIRSTX=71
##LASTX=600
##FIRSTY=0
##MAXX=600
##MINX=71
##MAXY=1000
##MINY=0
##NPOINTS=506
##PEAK TABLE=(XY..XY)
71,0 72,51 76,102 77,17 79,2 
82,2 83,13 84,93 85,98 86,45 
87,23 89,2 90,1 92,2 93,16 
94,8 95,10 96,5 97,21 98,11 
99,10 100,0 101,3 102,2 106,5 
107,5 108,18 109,35 110,55 111,701 
112,61 113,220 114,15 115,2 119,0 
120,10 121,1 122,6 123,3 124,2 
125,7 126,3 127,1 128,2 129,2 
130,5 132,2 133,1 134,4 135,11 
136,3 137,2 138,1 139,3 140,0 
141,0 142,3 143,8 144,1 145,13 
146,1000 150,107 151,9 152,24 153,5 
154,9 155,6 156,2 157,5 158,1 
159,3 161,2 162,10 163,10 164,3 
165,2 166,1 168,2 169,4 170,4 
171,1 172,5 173,3 174,7 175,6 
176,4 177,4 178,5 179,4 180,2 
181,6 182,4 183,13 184,3 185,3 
186,8 187,7 188,2 189,5 190,5 
191,5 192,2 193,2 194,10 195,5 
196,4 197,8 198,5 199,2 200,1 
201,8 202,2 203,6 204,8 205,6 
206,4 207,5 208,6 209,9 210,2 
211,3 212,5 213,1 214,1 215,2 
216,2 217,3 218,6 219,9 220,5 
221,7 222,10 223,5 224,3 225,4 
227,6 228,5 229,3 230,2 231,7 
232,11 233,5 234,2 235,7 236,4 
237,3 238,2 239,0 240,3 241,9 
242,8 243,6 244,6 245,6 246,5 
247,4 248,1 249,4 250,6 251,3 
252,6 253,2 254,2 255,6 256,1 
257,2 258,7 259,8 260,4 261,10 
262,17 263,8 264,7 265,4 266,5 
267,5 268,7 270,5 271,7 272,8 
273,9 274,8 275,3 276,1 277,5 
278,6 279,1 280,2 281,6 282,2 
283,3 284,3 285,4 286,7 287,12 
288,3 289,1 290,6 291,2 292,5 
293,2 294,5 295,1 296,9 297,6 
298,2 299,7 300,6 301,1 302,0 
303,7 304,6 305,10 306,3 307,6 
308,3 309,4 310,7 311,1 312,2 
313,10 314,7 315,9 316,2 317,6 
318,4 319,10 320,2 321,7 322,5 
323,1 324,5 325,5 326,6 327,7 
328,5 329,5 330,3 331,6 332,3 
333,2 334,3 335,2 336,2 337,4 
338,9 339,1 340,2 341,6 342,6 
343,8 344,10 345,3 346,6 347,7 
348,13 349,6 350,6 351,3 352,3 
353,10 354,10 355,2 356,2 357,6 
358,6 359,6 360,4 361,3 362,7 
363,5 364,12 365,4 366,2 367,2 
368,6 369,6 370,4 371,12 372,4 
373,1 374,2 375,8 376,4 377,6 
378,9 379,7 380,11 381,7 382,7 
383,5 384,8 385,6 386,0 387,3 
388,3 389,4 390,3 391,4 392,6 
393,7 394,3 395,3 396,12 397,5 
398,9 399,5 400,10 401,3 402,5 
403,7 404,6 405,6 406,6 407,4 
408,3 409,1 410,2 411,8 412,12 
413,1 414,5 415,6 416,0 417,5 
418,3 419,1 420,8 421,2 422,1 
423,12 424,4 425,7 426,5 427,3 
428,6 429,6 430,5 431,2 432,4 
433,4 434,8 435,5 436,12 437,10 
438,3 439,1 440,6 441,3 442,7 
443,0 444,10 445,4 446,1 447,8 
448,3 449,4 450,9 451,7 452,6 
454,6 456,3 457,2 458,8 459,4 
460,5 461,11 462,2 463,8 464,9 
465,7 466,3 467,3 468,3 469,5 
470,3 471,4 472,5 473,2 474,10 
475,5 476,8 477,3 478,3 479,8 
480,2 481,5 482,7 483,6 484,7 
485,7 486,3 487,7 488,7 489,6 
490,8 491,4 492,10 493,2 494,1 
495,11 496,5 497,5 498,4 499,2 
500,5 501,7 502,5 503,7 504,0 
505,3 506,3 507,5 508,9 509,1 
510,11 511,5 512,7 513,3 514,3 
515,7 516,5 517,7 518,1 519,5 
520,6 521,9 522,5 523,9 524,2 
525,1 526,2 527,8 528,0 529,2 
530,7 531,4 532,7 533,1 534,6 
535,8 536,8 537,7 538,3 539,5 
540,7 541,1 542,8 543,5 544,8 
545,3 546,8 547,5 548,11 549,3 
550,10 551,7 552,13 553,3 554,3 
555,4 556,2 557,7 558,4 559,11 
560,3 561,2 562,9 563,10 564,1 
565,7 566,2 567,5 568,4 569,4 
570,5 571,5 572,3 573,7 574,3 
575,11 576,8 577,5 578,6 579,6 
580,6 581,6 582,7 583,3 584,2 
585,5 586,7 587,7 588,1 589,0 
590,3 591,7 592,8 593,2 594,4 
595,1 596,8 597,8 598,3 599,2 
600,5 
##END=

##TITLE=Pyridine, 3-cyano-
##JCAMP-DX=5.01
##DATA TYPE=MASS SPECTRUM
##DATA CLASS=XYDATA
##ORIGIN=consensus spectrum of 2 spectra per analyte, MPIMP ID and isotopomer, with majority threshold = 60%
##$CITATION=NA
##OWNER=Golm Metabolome Database (GMD) http://gmd.mpimp-golm.mpg.de/
##VERSION= 21.Nov.2011 21:57 hummel
##$GMD ANALYTE LINK: http://gmd.mpimp-golm.mpg.de/Analytes/6c16c9e3-90dc-4565-9f55-f6cc5d13cc33.aspx
##$GMD MASS SPEC NO ='http://gmd.mpimp-golm.mpg.de/Analytes/6c16c9e3-90dc-4565-9f55-f6cc5d13cc33.aspx'
##CAS REGISTRY NO=NA
##MOLFORM=C6H4N2
##MW=104
##XUNITS=M/Z
##YUNITS=RELATIVE ABUNDANCE
##XFACTOR=1
##YFACTOR=1
##FIRSTX=76
##LASTX=581
##FIRSTY=357
##MAXX=581
##MINX=76
##MAXY=1000
##MINY=0
##NPOINTS=35
##PEAK TABLE=(XY..XY)
76,357 77,914 78,76 79,2 87,0 
88,0 89,12 93,0 94,0 95,0 
96,0 100,2 101,1 103,34 104,1000 
105,71 106,1 114,1 127,0 156,1 
190,0 194,0 207,0 253,0 287,0 
288,0 323,0 328,0 392,0 426,0 
448,0 471,0 507,0 523,0 581,0 
##END=

##TITLE=Unknown#bth-pae-059
##JCAMP-DX=5.01
##DATA TYPE=MASS SPECTRUM
##DATA CLASS=XYDATA
##ORIGIN=consensus spectrum of 1 spectra per analyte, MPIMP ID and isotopomer, with majority threshold = 60%
##$CITATION=NA
##OWNER=Golm Metabolome Database (GMD) http://gmd.mpimp-golm.mpg.de/
##VERSION= 21.Nov.2011 21:57 hummel
##$GMD ANALYTE LINK: http://gmd.mpimp-golm.mpg.de/Analytes/35104b5c-5aa4-4963-87eb-107df1069bb1.aspx
##$GMD MASS SPEC NO ='http://gmd.mpimp-golm.mpg.de/Analytes/35104b5c-5aa4-4963-87eb-107df1069bb1.aspx'
##CAS REGISTRY NO=NA
##MOLFORM=NA
##MW=NA
##XUNITS=M/Z
##YUNITS=RELATIVE ABUNDANCE
##XFACTOR=1
##YFACTOR=1
##FIRSTX=87
##LASTX=266
##FIRSTY=20
##MAXX=266
##MINX=87
##MAXY=1000
##MINY=5
##NPOINTS=24
##PEAK TABLE=(XY..XY)
87,20 88,10 89,9 95,23 96,10 
103,302 115,17 119,15 131,29 133,78 
134,10 177,12 189,32 191,22 205,48 
206,9 221,1000 222,209 223,113 224,18 
225,5 251,6 265,32 266,8 
##END=

