 5.61000E+02
 5.66000E+02
 5.63000E+02
 5.66000E+02
 5.64000E+02
 5.62000E+02
 5.65000E+02
 5.69000E+02
 5.64000E+02
 5.67000E+02
 5.72000E+02
 5.71000E+02
 5.75000E+02
 5.73000E+02
 5.76000E+02
 5.90000E+02
 5.92000E+02
 6.12000E+02
 7.14000E+02
 2.92800E+03
 8.21200E+03
 8.88700E+03
 8.15100E+03
 3.11000E+03
 6.68000E+02
 5.78000E+02
 5.73000E+02
 5.64000E+02
 5.69000E+02
 5.70000E+02
 5.64000E+02
 5.69000E+02
 5.81000E+02
 6.82000E+02
 8.56000E+02
 1.08200E+03
 1.22500E+03
 1.15000E+03
 1.12000E+03
 1.07500E+03
 1.03700E+03
 1.03200E+03
 9.96000E+02
 9.83000E+02
 9.99000E+02
 9.70000E+02
 9.23000E+02
 9.22000E+02
 9.32000E+02
 9.24000E+02
 9.36000E+02
 9.00000E+02
 9.02000E+02
 9.21000E+02
 8.99000E+02
 8.90000E+02
 8.88000E+02
 8.98000E+02
 8.63000E+02
 8.55000E+02
 8.92000E+02
 8.71000E+02
 8.59000E+02
 8.66000E+02
 8.76000E+02
 8.63000E+02
 8.89000E+02
 8.94000E+02
 8.78000E+02
 9.17000E+02
 9.38000E+02
 9.03000E+02
 9.32000E+02
 9.25000E+02
 9.23000E+02
 9.46000E+02
 9.57000E+02
 9.63000E+02
 9.74000E+02
 9.95000E+02
 9.84000E+02
 9.94000E+02
 1.01100E+03
 1.03800E+03
 1.05200E+03
 1.03200E+03
 1.02500E+03
 1.01200E+03
 9.67000E+02
 9.55000E+02
 9.51000E+02
 9.47000E+02
 9.27000E+02
 9.56000E+02
 9.44000E+02
 9.15000E+02
 9.23000E+02
 9.15000E+02
 9.07000E+02
 9.10000E+02
 8.96000E+02
 8.79000E+02
 8.72000E+02
 8.79000E+02
 8.83000E+02
 8.85000E+02
 8.73000E+02
 8.66000E+02
 8.62000E+02
 8.44000E+02
 8.76000E+02
 8.48000E+02
 8.59000E+02
 8.67000E+02
 8.62000E+02
 8.25000E+02
 8.28000E+02
 8.19000E+02
 8.17000E+02
 8.00000E+02
 7.80000E+02
 7.99000E+02
 8.19000E+02
 8.36000E+02
 8.56000E+02
 8.72000E+02
 9.35000E+02
 1.04300E+03
 1.31500E+03
 2.19200E+03
 5.14100E+03
 9.99100E+03
 1.23390E+04
 1.07810E+04
 6.19300E+03
 2.96100E+03
 1.90200E+03
 1.52100E+03
 1.33700E+03
 1.20800E+03
 1.11300E+03
 1.06200E+03
 1.01800E+03
 9.73000E+02
 9.72000E+02
 8.97000E+02
 9.21000E+02
 9.04000E+02
 8.81000E+02
 8.88000E+02
 9.08000E+02
 8.85000E+02
 9.16000E+02
 8.94000E+02
 9.04000E+02
 8.91000E+02
 8.93000E+02
 8.65000E+02
 8.85000E+02
 8.40000E+02
 8.58000E+02
 8.50000E+02
 8.84000E+02
 8.72000E+02
 8.71000E+02
 8.50000E+02
 8.46000E+02
 8.58000E+02
 8.53000E+02
 8.21000E+02
 8.15000E+02
 8.10000E+02
 8.17000E+02
 8.23000E+02
 8.19000E+02
 8.16000E+02
 8.11000E+02
 7.94000E+02
 8.05000E+02
 8.01000E+02
 8.15000E+02
 7.88000E+02
 7.88000E+02
 7.99000E+02
 7.98000E+02
 7.87000E+02
 8.05000E+02
 8.12000E+02
 8.00000E+02
 7.79000E+02
 8.26000E+02
 8.32000E+02
 8.36000E+02
 8.11000E+02
 8.01000E+02
 8.25000E+02
 8.26000E+02
 8.32000E+02
 8.30000E+02
 8.48000E+02
 8.37000E+02
 8.23000E+02
 8.19000E+02
 8.13000E+02
 8.19000E+02
 8.24000E+02
 8.04000E+02
 8.27000E+02
 8.09000E+02
 8.31000E+02
 8.18000E+02
 8.10000E+02
 8.25000E+02
 8.18000E+02
 8.33000E+02
 8.13000E+02
 8.20000E+02
 8.25000E+02
 8.35000E+02
 8.38000E+02
 8.40000E+02
 8.34000E+02
 8.54000E+02
 9.05000E+02
 9.70000E+02
 1.06700E+03
 1.16700E+03
 1.20300E+03
 1.22700E+03
 1.25500E+03
 1.23800E+03
 1.23800E+03
 1.20000E+03
 1.26400E+03
 1.23000E+03
 1.24200E+03
 1.21600E+03
 1.13900E+03
 1.05500E+03
 1.01000E+03
 9.34000E+02
 9.08000E+02
 8.77000E+02
 8.63000E+02
 8.42000E+02
 8.18000E+02
 8.15000E+02
 8.13000E+02
 8.14000E+02
 7.86000E+02
 7.69000E+02
 7.82000E+02
 7.72000E+02
 7.53000E+02
 7.77000E+02
 7.44000E+02
 7.65000E+02
 7.42000E+02
 7.76000E+02
 8.26000E+02
 8.32000E+02
 8.43000E+02
 7.95000E+02
 7.58000E+02
 7.63000E+02
 7.52000E+02
 7.40000E+02
 7.48000E+02
 7.50000E+02
 7.44000E+02
 7.51000E+02
 7.61000E+02
 7.62000E+02
 7.58000E+02
 7.54000E+02
 7.32000E+02
 7.61000E+02
 7.56000E+02
 7.51000E+02
 7.50000E+02
 7.74000E+02
 7.48000E+02
 7.54000E+02
 7.55000E+02
 7.68000E+02
 7.71000E+02
 7.71000E+02
 7.76000E+02
 7.62000E+02
 7.64000E+02
 7.77000E+02
 7.63000E+02
 7.62000E+02
 7.73000E+02
 7.63000E+02
 7.57000E+02
 7.72000E+02
 7.79000E+02
 7.71000E+02
 7.75000E+02
 7.78000E+02
 7.77000E+02
 7.56000E+02
 7.86000E+02
 7.75000E+02
 7.68000E+02
 7.85000E+02
 7.71000E+02
 7.90000E+02
 8.00000E+02
 7.90000E+02
 8.02000E+02
 7.99000E+02
 8.04000E+02
 7.93000E+02
 8.00000E+02
 7.98000E+02
 8.00000E+02
 7.98000E+02
 8.10000E+02
 7.98000E+02
 7.82000E+02
 8.10000E+02
 8.06000E+02
 7.99000E+02
 7.85000E+02
 7.96000E+02
 8.10000E+02
 8.01000E+02
 7.90000E+02
 8.02000E+02
 7.95000E+02
 7.86000E+02
 7.86000E+02
 7.77000E+02
 7.93000E+02
 7.92000E+02
 7.87000E+02
 7.84000E+02
 7.91000E+02
 7.90000E+02
 7.79000E+02
 7.98000E+02
 7.92000E+02
 7.87000E+02
 7.73000E+02
 7.85000E+02
 7.91000E+02
 7.85000E+02
 7.68000E+02
 7.64000E+02
 7.86000E+02
 7.80000E+02
 7.73000E+02
 7.78000E+02
 7.86000E+02
 7.75000E+02
 7.81000E+02
 7.66000E+02
 7.75000E+02
 7.77000E+02
 7.74000E+02
 7.72000E+02
 7.66000E+02
 7.87000E+02
 7.77000E+02
 7.73000E+02
 7.71000E+02
 7.84000E+02
 7.89000E+02
 7.85000E+02
 7.76000E+02
 8.03000E+02
 7.84000E+02
 7.89000E+02
 7.81000E+02
 8.00000E+02
 7.98000E+02
 7.87000E+02
 7.97000E+02
 7.79000E+02
 8.07000E+02
 8.02000E+02
 7.99000E+02
 8.09000E+02
 7.89000E+02
 8.13000E+02
 8.04000E+02
 8.13000E+02
 7.93000E+02
 7.99000E+02
 7.92000E+02
 7.93000E+02
 7.97000E+02
 7.77000E+02
 7.78000E+02
 7.74000E+02
 7.75000E+02
 7.71000E+02
 7.82000E+02
 7.84000E+02
 7.66000E+02
 7.62000E+02
 7.59000E+02
 7.69000E+02
 7.57000E+02
 7.74000E+02
 7.44000E+02
 7.50000E+02
 7.45000E+02
 7.85000E+02
 7.60000E+02
 7.71000E+02
 7.53000E+02
 7.64000E+02
 7.53000E+02
 7.62000E+02
 7.48000E+02
 7.63000E+02
 7.53000E+02
 7.62000E+02
 7.66000E+02
 7.71000E+02
 7.57000E+02
 7.61000E+02
 7.71000E+02
 7.59000E+02
 7.48000E+02
 7.54000E+02
 7.46000E+02
 7.74000E+02
 7.51000E+02
 7.71000E+02
 7.54000E+02
 7.73000E+02
 7.40000E+02
 7.55000E+02
 7.45000E+02
 7.59000E+02
 7.74000E+02
 7.57000E+02
 7.73000E+02
 7.48000E+02
 7.62000E+02
 7.59000E+02
 7.60000E+02
 7.55000E+02
 7.49000E+02
 7.55000E+02
 7.63000E+02
 7.67000E+02
 7.65000E+02
 7.61000E+02
 7.66000E+02
 7.63000E+02
 7.46000E+02
 7.49000E+02
 7.58000E+02
 7.62000E+02
 7.60000E+02
 7.63000E+02
 7.58000E+02
 7.56000E+02
 7.69000E+02
 7.43000E+02
 7.55000E+02
 7.54000E+02
 7.48000E+02
 7.66000E+02
 7.51000E+02
 7.51000E+02
 7.57000E+02
 7.64000E+02
 7.49000E+02
 7.64000E+02
 7.61000E+02
 7.63000E+02
 7.54000E+02
 7.67000E+02
 7.55000E+02
 7.59000E+02
 7.47000E+02
 7.34000E+02
 7.74000E+02
 7.61000E+02
 7.62000E+02
 7.57000E+02
 7.72000E+02
 7.59000E+02
 7.64000E+02
 7.61000E+02
 7.55000E+02
 7.54000E+02
 7.34000E+02
 7.61000E+02
 7.45000E+02
 7.47000E+02
 7.59000E+02
 7.49000E+02
 7.76000E+02
 7.55000E+02
 7.62000E+02
 7.52000E+02
 7.65000E+02
 7.43000E+02
 7.53000E+02
 7.54000E+02
 7.48000E+02
 7.50000E+02
 7.42000E+02
 7.43000E+02
 7.63000E+02
 7.60000E+02
 7.69000E+02
 7.61000E+02
 7.59000E+02
 7.52000E+02
 7.72000E+02
 7.49000E+02
 7.69000E+02
 7.49000E+02
 7.57000E+02
 7.77000E+02
 7.59000E+02
 7.58000E+02
 7.42000E+02
 7.51000E+02
 7.52000E+02
 7.56000E+02
 7.64000E+02
 7.51000E+02
 7.54000E+02
 7.44000E+02
 7.52000E+02
 7.48000E+02
 7.51000E+02
 7.55000E+02
 7.45000E+02
 7.51000E+02
 7.62000E+02
 7.61000E+02
 7.63000E+02
 7.29000E+02
 7.55000E+02
 7.56000E+02
 7.42000E+02
 7.50000E+02
 7.55000E+02
 7.53000E+02
 7.55000E+02
 7.56000E+02
 7.50000E+02
 7.39000E+02
 7.56000E+02
 7.55000E+02
 7.61000E+02
 7.70000E+02
 7.59000E+02
 7.53000E+02
 7.49000E+02
 7.51000E+02
 7.46000E+02
 7.41000E+02
 7.45000E+02
 7.47000E+02
 7.62000E+02
 7.68000E+02
 7.56000E+02
 7.59000E+02
 7.40000E+02
 7.44000E+02
 7.48000E+02
 7.45000E+02
 7.41000E+02
 7.51000E+02
 7.50000E+02
 7.57000E+02
 7.59000E+02
 7.53000E+02
 7.50000E+02
 7.53000E+02
 7.58000E+02
 7.47000E+02
 7.62000E+02
 7.48000E+02
 7.52000E+02
 7.50000E+02
 7.48000E+02
 7.44000E+02
 7.47000E+02
 7.51000E+02
 7.50000E+02
 7.58000E+02
 7.42000E+02
 7.54000E+02
 7.51000E+02
 7.63000E+02
 7.53000E+02
 7.50000E+02
 7.49000E+02
 7.45000E+02
 7.52000E+02
 7.42000E+02
 7.37000E+02
 7.50000E+02
 7.43000E+02
 7.22000E+02
 7.45000E+02
 7.46000E+02
 7.64000E+02
 7.47000E+02
 7.58000E+02
 7.35000E+02
 7.51000E+02
 7.46000E+02
 7.52000E+02
 7.41000E+02
 7.38000E+02
 7.34000E+02
 7.33000E+02
 7.50000E+02
 7.37000E+02
 7.40000E+02
 7.54000E+02
 7.61000E+02
 7.33000E+02
 7.49000E+02
 7.39000E+02
 7.49000E+02
 7.35000E+02
 7.49000E+02
 7.40000E+02
 7.40000E+02
 7.52000E+02
 7.43000E+02
 7.37000E+02
 7.42000E+02
 7.55000E+02
 7.50000E+02
 7.44000E+02
 7.54000E+02
 7.47000E+02
 7.20000E+02
 7.44000E+02
 7.55000E+02
 7.39000E+02
 7.43000E+02
 7.55000E+02
 7.50000E+02
 7.58000E+02
 7.47000E+02
 7.34000E+02
 7.44000E+02
 7.34000E+02
 7.43000E+02
 7.52000E+02
 7.36000E+02
 7.29000E+02
 7.55000E+02
 7.31000E+02
 7.52000E+02
 7.28000E+02
 7.27000E+02
 7.33000E+02
 7.54000E+02
 7.48000E+02
 7.47000E+02
 7.49000E+02
 7.53000E+02
 7.40000E+02
 7.49000E+02
 7.43000E+02
 7.37000E+02
 7.41000E+02
 7.34000E+02
 7.47000E+02
 7.46000E+02
 7.63000E+02
 7.52000E+02
 7.59000E+02
 7.17000E+02
 7.51000E+02
 7.31000E+02
 7.44000E+02
 7.52000E+02
 7.26000E+02
 7.45000E+02
 7.57000E+02
 7.44000E+02
 7.51000E+02
 7.53000E+02
 7.39000E+02
 7.52000E+02
 7.33000E+02
 7.32000E+02
 7.48000E+02
 7.38000E+02
 7.29000E+02
 7.50000E+02
 7.47000E+02
 7.44000E+02
 7.31000E+02
 7.48000E+02
 7.23000E+02
 7.32000E+02
 7.45000E+02
 7.31000E+02
 7.30000E+02
 7.27000E+02
 7.33000E+02
 7.38000E+02
 7.38000E+02
 7.48000E+02
 7.34000E+02
 7.43000E+02
 7.44000E+02
 7.32000E+02
 7.37000E+02
 7.44000E+02
 7.53000E+02
 7.51000E+02
 7.45000E+02
 7.39000E+02
 7.33000E+02
 7.48000E+02
 7.40000E+02
 7.36000E+02
 7.40000E+02
 7.51000E+02
 7.40000E+02
 7.27000E+02
 7.26000E+02
 7.53000E+02
 7.61000E+02
 7.43000E+02
 7.32000E+02
 7.31000E+02
 7.34000E+02
 7.40000E+02
 7.47000E+02
 7.34000E+02
 7.44000E+02
 7.32000E+02
 7.33000E+02
 7.37000E+02
 7.44000E+02
 7.36000E+02
 7.30000E+02
 7.51000E+02
 7.21000E+02
 7.31000E+02
 7.43000E+02
 7.46000E+02
 7.27000E+02
 7.40000E+02
 7.28000E+02
 7.40000E+02
 7.31000E+02
 7.44000E+02
 7.26000E+02
 7.32000E+02
 7.36000E+02
 7.35000E+02
 7.29000E+02
 7.32000E+02
 7.20000E+02
 7.33000E+02
 7.45000E+02
 7.27000E+02
 7.19000E+02
 7.35000E+02
 7.38000E+02
 7.33000E+02
 7.36000E+02
 7.36000E+02
 7.20000E+02
 7.26000E+02
 7.32000E+02
 7.15000E+02
 7.37000E+02
 7.39000E+02
 7.31000E+02
 7.26000E+02
 7.26000E+02
 7.14000E+02
 7.26000E+02
 7.16000E+02
 7.31000E+02
 7.45000E+02
 7.33000E+02
 7.22000E+02
 7.26000E+02
 7.22000E+02
 7.25000E+02
 7.12000E+02
 7.29000E+02
 7.19000E+02
 7.22000E+02
 7.24000E+02
 7.21000E+02
 7.21000E+02
 7.23000E+02
 7.20000E+02
 7.15000E+02
 7.15000E+02
 7.16000E+02
 7.15000E+02
 7.08000E+02
 7.11000E+02
 7.18000E+02
 7.14000E+02
 7.30000E+02
 7.11000E+02
 7.34000E+02
 7.21000E+02
 7.31000E+02
 7.28000E+02
 7.36000E+02
 7.31000E+02
 7.09000E+02
 7.09000E+02
 7.20000E+02
 7.09000E+02
 7.24000E+02
 7.22000E+02
 7.20000E+02
 7.11000E+02
 7.09000E+02
 7.21000E+02
 7.12000E+02
 7.16000E+02
 7.12000E+02
 7.13000E+02
 7.16000E+02
 7.16000E+02
 7.04000E+02
 7.04000E+02
 7.17000E+02
 7.11000E+02
 7.13000E+02
 7.10000E+02
 6.99000E+02
 7.10000E+02
 7.11000E+02
 7.20000E+02
 7.11000E+02
 7.28000E+02
 7.11000E+02
 7.13000E+02
 7.18000E+02
 7.16000E+02
 7.23000E+02
 7.14000E+02
 7.03000E+02
 6.99000E+02
 7.05000E+02
 7.21000E+02
 7.27000E+02
 6.96000E+02
 7.16000E+02
 7.01000E+02
 7.21000E+02
 7.07000E+02
 6.99000E+02
 7.23000E+02
 7.09000E+02
 7.04000E+02
 7.00000E+02
 7.15000E+02
 7.11000E+02
 7.14000E+02
 6.95000E+02
 6.93000E+02
 6.84000E+02
 6.94000E+02
 7.02000E+02
 7.02000E+02
 6.88000E+02
 7.02000E+02
 6.91000E+02
 7.06000E+02
 7.04000E+02
 6.89000E+02
 6.99000E+02
 7.00000E+02
 7.05000E+02
 7.03000E+02
 6.88000E+02
 7.01000E+02
 6.91000E+02
 6.85000E+02
 7.00000E+02
 6.95000E+02
 6.89000E+02
 7.03000E+02
 6.90000E+02
 7.00000E+02
 7.04000E+02
 6.88000E+02
 6.92000E+02
 7.04000E+02
 6.80000E+02
 6.88000E+02
 6.81000E+02
 6.91000E+02
 6.97000E+02
 6.83000E+02
 6.99000E+02
 6.85000E+02
 6.86000E+02
 6.86000E+02
 6.93000E+02
 6.77000E+02
 6.80000E+02
 6.74000E+02
 6.79000E+02
 6.84000E+02
 6.88000E+02
 6.74000E+02
 6.75000E+02
 6.89000E+02
 6.72000E+02
 6.74000E+02
 6.67000E+02
 6.76000E+02
 6.75000E+02
 6.80000E+02
 6.87000E+02
 6.88000E+02
 6.79000E+02
 6.81000E+02
 6.84000E+02
 6.82000E+02
 6.84000E+02
 6.72000E+02
 6.77000E+02
 6.80000E+02
 6.67000E+02
 6.71000E+02
 6.62000E+02
 6.74000E+02
 6.81000E+02
 6.60000E+02
 6.83000E+02
 6.71000E+02
 6.79000E+02
 6.66000E+02
 6.87000E+02
 6.85000E+02
 6.79000E+02
 6.67000E+02
 6.73000E+02
 6.57000E+02
 6.80000E+02
 6.66000E+02
 6.62000E+02
 6.75000E+02
 6.73000E+02
 6.69000E+02
 6.80000E+02
 6.74000E+02
 6.79000E+02
 6.62000E+02
 6.67000E+02
 6.63000E+02
 6.77000E+02
 6.66000E+02
 6.67000E+02
 6.67000E+02
 6.63000E+02
 6.71000E+02
 6.79000E+02
 6.67000E+02
 6.61000E+02
 6.69000E+02
 6.52000E+02
 6.62000E+02
 6.73000E+02
 6.71000E+02
 6.49000E+02
 6.64000E+02
 6.66000E+02
 6.65000E+02
 6.56000E+02
 6.61000E+02
 6.52000E+02
 6.54000E+02
 6.59000E+02
 6.65000E+02
 6.54000E+02
 6.53000E+02
 6.52000E+02
 6.62000E+02
 6.61000E+02
 6.48000E+02
 6.53000E+02
 6.53000E+02
 6.54000E+02
 6.45000E+02
 6.46000E+02
 6.65000E+02
 6.54000E+02
 6.48000E+02
 6.49000E+02
 6.64000E+02
 6.62000E+02
 6.47000E+02
 6.57000E+02
 6.50000E+02
 6.50000E+02
 6.68000E+02
 6.47000E+02
 6.51000E+02
 6.55000E+02
 6.66000E+02
 6.53000E+02
 6.46000E+02
 6.61000E+02
 6.41000E+02
 6.60000E+02
 6.62000E+02
 6.66000E+02
 6.54000E+02
 6.51000E+02
