-1.05146E+02
-1.00237E+02
-9.53311E+01
-9.04274E+01
-8.55264E+01
-8.06281E+01
-7.57324E+01
-7.08394E+01
-6.59490E+01
-6.10613E+01
-5.61762E+01
-5.12938E+01
-4.64140E+01
-4.15369E+01
-3.66624E+01
-3.17906E+01
-2.69213E+01
-2.20548E+01
-1.71908E+01
-1.23295E+01
-7.47085E+00
-2.61480E+00
 2.23862E+00
 7.08942E+00
 1.19376E+01
 1.67832E+01
 2.16261E+01
 2.64664E+01
 3.13041E+01
 3.61392E+01
 4.09717E+01
 4.58016E+01
 5.06288E+01
 5.54535E+01
 6.02756E+01
 6.50950E+01
 6.99119E+01
 7.47262E+01
 7.95378E+01
 8.43469E+01
 8.91534E+01
 9.39573E+01
 9.87586E+01
 1.03557E+02
 1.08354E+02
 1.13147E+02
 1.17938E+02
 1.22726E+02
 1.27512E+02
 1.32296E+02
 1.37076E+02
 1.41854E+02
 1.46630E+02
 1.51403E+02
 1.56173E+02
 1.60941E+02
 1.65707E+02
 1.70469E+02
 1.75230E+02
 1.79987E+02
 1.84742E+02
 1.89495E+02
 1.94245E+02
 1.98992E+02
 2.03737E+02
 2.08480E+02
 2.13219E+02
 2.17957E+02
 2.22691E+02
 2.27424E+02
 2.32153E+02
 2.36880E+02
 2.41605E+02
 2.46327E+02
 2.51047E+02
 2.55764E+02
 2.60478E+02
 2.65190E+02
 2.69900E+02
 2.74607E+02
 2.79311E+02
 2.84013E+02
 2.88713E+02
 2.93410E+02
 2.98104E+02
 3.02796E+02
 3.07486E+02
 3.12172E+02
 3.16857E+02
 3.21539E+02
 3.26218E+02
 3.30895E+02
 3.35570E+02
 3.40242E+02
 3.44911E+02
 3.49578E+02
 3.54243E+02
 3.58905E+02
 3.63564E+02
 3.68221E+02
 3.72876E+02
 3.77528E+02
 3.82178E+02
 3.86825E+02
 3.91470E+02
 3.96112E+02
 4.00752E+02
 4.05389E+02
 4.10024E+02
 4.14656E+02
 4.19286E+02
 4.23914E+02
 4.28539E+02
 4.33161E+02
 4.37782E+02
 4.42399E+02
 4.47014E+02
 4.51627E+02
 4.56238E+02
 4.60846E+02
 4.65451E+02
 4.70054E+02
 4.74655E+02
 4.79253E+02
 4.83849E+02
 4.88442E+02
 4.93033E+02
 4.97621E+02
 5.02207E+02
 5.06791E+02
 5.11372E+02
 5.15951E+02
 5.20527E+02
 5.25101E+02
 5.29673E+02
 5.34242E+02
 5.38809E+02
 5.43373E+02
 5.47935E+02
 5.52494E+02
 5.57051E+02
 5.61606E+02
 5.66158E+02
 5.70708E+02
 5.75256E+02
 5.79801E+02
 5.84344E+02
 5.88884E+02
 5.93422E+02
 5.97957E+02
 6.02491E+02
 6.07021E+02
 6.11550E+02
 6.16076E+02
 6.20599E+02
 6.25121E+02
 6.29639E+02
 6.34156E+02
 6.38670E+02
 6.43182E+02
 6.47691E+02
 6.52198E+02
 6.56703E+02
 6.61205E+02
 6.65705E+02
 6.70203E+02
 6.74698E+02
 6.79191E+02
 6.83682E+02
 6.88170E+02
 6.92656E+02
 6.97139E+02
 7.01620E+02
 7.06099E+02
 7.10575E+02
 7.15050E+02
 7.19521E+02
 7.23991E+02
 7.28458E+02
 7.32923E+02
 7.37385E+02
 7.41845E+02
 7.46303E+02
 7.50758E+02
 7.55211E+02
 7.59662E+02
 7.64111E+02
 7.68557E+02
 7.73001E+02
 7.77442E+02
 7.81881E+02
 7.86318E+02
 7.90753E+02
 7.95185E+02
 7.99615E+02
 8.04043E+02
 8.08468E+02
 8.12891E+02
 8.17312E+02
 8.21730E+02
 8.26146E+02
 8.30560E+02
 8.34972E+02
 8.39381E+02
 8.43788E+02
 8.48193E+02
 8.52595E+02
 8.56995E+02
 8.61393E+02
 8.65788E+02
 8.70182E+02
 8.74573E+02
 8.78961E+02
 8.83348E+02
 8.87732E+02
 8.92114E+02
 8.96493E+02
 9.00870E+02
 9.05245E+02
 9.09618E+02
 9.13989E+02
 9.18357E+02
 9.22723E+02
 9.27087E+02
 9.31448E+02
 9.35807E+02
 9.40164E+02
 9.44519E+02
 9.48871E+02
 9.53222E+02
 9.57570E+02
 9.61915E+02
 9.66259E+02
 9.70600E+02
 9.74939E+02
 9.79276E+02
 9.83610E+02
 9.87942E+02
 9.92272E+02
 9.96600E+02
 1.00093E+03
 1.00525E+03
 1.00957E+03
 1.01389E+03
 1.01821E+03
 1.02252E+03
 1.02683E+03
 1.03114E+03
 1.03545E+03
 1.03976E+03
 1.04406E+03
 1.04836E+03
 1.05266E+03
 1.05696E+03
 1.06125E+03
 1.06554E+03
 1.06983E+03
 1.07412E+03
 1.07841E+03
 1.08269E+03
 1.08697E+03
 1.09125E+03
 1.09553E+03
 1.09980E+03
 1.10407E+03
 1.10834E+03
 1.11261E+03
 1.11688E+03
 1.12114E+03
 1.12540E+03
 1.12966E+03
 1.13392E+03
 1.13817E+03
 1.14243E+03
 1.14668E+03
 1.15093E+03
 1.15517E+03
 1.15942E+03
 1.16366E+03
 1.16790E+03
 1.17214E+03
 1.17637E+03
 1.18060E+03
 1.18483E+03
 1.18906E+03
 1.19329E+03
 1.19752E+03
 1.20174E+03
 1.20596E+03
 1.21018E+03
 1.21439E+03
 1.21861E+03
 1.22282E+03
 1.22703E+03
 1.23123E+03
 1.23544E+03
 1.23964E+03
 1.24384E+03
 1.24804E+03
 1.25224E+03
 1.25643E+03
 1.26063E+03
 1.26482E+03
 1.26900E+03
 1.27319E+03
 1.27737E+03
 1.28156E+03
 1.28573E+03
 1.28991E+03
 1.29409E+03
 1.29826E+03
 1.30243E+03
 1.30660E+03
 1.31077E+03
 1.31493E+03
 1.31909E+03
 1.32326E+03
 1.32741E+03
 1.33157E+03
 1.33572E+03
 1.33988E+03
 1.34403E+03
 1.34817E+03
 1.35232E+03
 1.35646E+03
 1.36060E+03
 1.36474E+03
 1.36888E+03
 1.37302E+03
 1.37715E+03
 1.38128E+03
 1.38541E+03
 1.38954E+03
 1.39366E+03
 1.39778E+03
 1.40191E+03
 1.40602E+03
 1.41014E+03
 1.41425E+03
 1.41837E+03
 1.42248E+03
 1.42658E+03
 1.43069E+03
 1.43479E+03
 1.43890E+03
 1.44300E+03
 1.44709E+03
 1.45119E+03
 1.45528E+03
 1.45938E+03
 1.46346E+03
 1.46755E+03
 1.47164E+03
 1.47572E+03
 1.47980E+03
 1.48388E+03
 1.48796E+03
 1.49203E+03
 1.49611E+03
 1.50018E+03
 1.50425E+03
 1.50831E+03
 1.51238E+03
 1.51644E+03
 1.52050E+03
 1.52456E+03
 1.52862E+03
 1.53267E+03
 1.53672E+03
 1.54078E+03
 1.54482E+03
 1.54887E+03
 1.55291E+03
 1.55696E+03
 1.56100E+03
 1.56504E+03
 1.56907E+03
 1.57311E+03
 1.57714E+03
 1.58117E+03
 1.58520E+03
 1.58922E+03
 1.59325E+03
 1.59727E+03
 1.60129E+03
 1.60531E+03
 1.60932E+03
 1.61334E+03
 1.61735E+03
 1.62136E+03
 1.62537E+03
 1.62938E+03
 1.63338E+03
 1.63738E+03
 1.64138E+03
 1.64538E+03
 1.64938E+03
 1.65337E+03
 1.65736E+03
 1.66135E+03
 1.66534E+03
 1.66933E+03
 1.67331E+03
 1.67729E+03
 1.68127E+03
 1.68525E+03
 1.68923E+03
 1.69320E+03
 1.69717E+03
 1.70114E+03
 1.70511E+03
 1.70908E+03
 1.71304E+03
 1.71701E+03
 1.72097E+03
 1.72492E+03
 1.72888E+03
 1.73284E+03
 1.73679E+03
 1.74074E+03
 1.74469E+03
 1.74863E+03
 1.75258E+03
 1.75652E+03
 1.76046E+03
 1.76440E+03
 1.76834E+03
 1.77227E+03
 1.77621E+03
 1.78014E+03
 1.78407E+03
 1.78799E+03
 1.79192E+03
 1.79584E+03
 1.79976E+03
 1.80368E+03
 1.80760E+03
 1.81151E+03
 1.81543E+03
 1.81934E+03
 1.82325E+03
 1.82716E+03
 1.83106E+03
 1.83497E+03
 1.83887E+03
 1.84277E+03
 1.84667E+03
 1.85056E+03
 1.85446E+03
 1.85835E+03
 1.86224E+03
 1.86613E+03
 1.87001E+03
 1.87390E+03
 1.87778E+03
 1.88166E+03
 1.88554E+03
 1.88942E+03
 1.89329E+03
 1.89716E+03
 1.90103E+03
 1.90490E+03
 1.90877E+03
 1.91264E+03
 1.91650E+03
 1.92036E+03
 1.92422E+03
 1.92808E+03
 1.93193E+03
 1.93579E+03
 1.93964E+03
 1.94349E+03
 1.94734E+03
 1.95119E+03
 1.95503E+03
 1.95887E+03
 1.96271E+03
 1.96655E+03
 1.97039E+03
 1.97422E+03
 1.97806E+03
 1.98189E+03
 1.98572E+03
 1.98955E+03
 1.99337E+03
 1.99719E+03
 2.00102E+03
 2.00484E+03
 2.00865E+03
 2.01247E+03
 2.01629E+03
 2.02010E+03
 2.02391E+03
 2.02772E+03
 2.03152E+03
 2.03533E+03
 2.03913E+03
 2.04293E+03
 2.04673E+03
 2.05053E+03
 2.05433E+03
 2.05812E+03
 2.06191E+03
 2.06570E+03
 2.06949E+03
 2.07328E+03
 2.07706E+03
 2.08084E+03
 2.08463E+03
 2.08840E+03
 2.09218E+03
 2.09596E+03
 2.09973E+03
 2.10350E+03
 2.10727E+03
 2.11104E+03
 2.11481E+03
 2.11857E+03
 2.12233E+03
 2.12609E+03
 2.12985E+03
 2.13361E+03
 2.13736E+03
 2.14112E+03
 2.14487E+03
 2.14862E+03
 2.15237E+03
 2.15611E+03
 2.15986E+03
 2.16360E+03
 2.16734E+03
 2.17108E+03
 2.17482E+03
 2.17855E+03
 2.18228E+03
 2.18601E+03
 2.18974E+03
 2.19347E+03
 2.19720E+03
 2.20092E+03
 2.20464E+03
 2.20837E+03
 2.21208E+03
 2.21580E+03
 2.21952E+03
 2.22323E+03
 2.22694E+03
 2.23065E+03
 2.23436E+03
 2.23806E+03
 2.24177E+03
 2.24547E+03
 2.24917E+03
 2.25287E+03
 2.25657E+03
 2.26026E+03
 2.26396E+03
 2.26765E+03
 2.27134E+03
 2.27503E+03
 2.27871E+03
 2.28240E+03
 2.28608E+03
 2.28976E+03
 2.29344E+03
 2.29712E+03
 2.30079E+03
 2.30447E+03
 2.30814E+03
 2.31181E+03
 2.31548E+03
 2.31915E+03
 2.32281E+03
 2.32648E+03
 2.33014E+03
 2.33380E+03
 2.33745E+03
 2.34111E+03
 2.34477E+03
 2.34842E+03
 2.35207E+03
 2.35572E+03
 2.35937E+03
 2.36301E+03
 2.36666E+03
 2.37030E+03
 2.37394E+03
 2.37758E+03
 2.38121E+03
 2.38485E+03
 2.38848E+03
 2.39211E+03
 2.39574E+03
 2.39937E+03
 2.40300E+03
 2.40662E+03
 2.41025E+03
 2.41387E+03
 2.41749E+03
 2.42110E+03
 2.42472E+03
 2.42833E+03
 2.43195E+03
 2.43556E+03
 2.43917E+03
 2.44277E+03
 2.44638E+03
 2.44998E+03
 2.45359E+03
 2.45719E+03
 2.46078E+03
 2.46438E+03
 2.46798E+03
 2.47157E+03
 2.47516E+03
 2.47875E+03
 2.48234E+03
 2.48593E+03
 2.48951E+03
 2.49310E+03
 2.49668E+03
 2.50026E+03
 2.50383E+03
 2.50741E+03
 2.51099E+03
 2.51456E+03
 2.51813E+03
 2.52170E+03
 2.52527E+03
 2.52883E+03
 2.53240E+03
 2.53596E+03
 2.53952E+03
 2.54308E+03
 2.54664E+03
 2.55019E+03
 2.55375E+03
 2.55730E+03
 2.56085E+03
 2.56440E+03
 2.56795E+03
 2.57149E+03
 2.57504E+03
 2.57858E+03
 2.58212E+03
 2.58566E+03
 2.58920E+03
 2.59273E+03
 2.59627E+03
 2.59980E+03
 2.60333E+03
 2.60686E+03
 2.61038E+03
 2.61391E+03
 2.61743E+03
 2.62096E+03
 2.62448E+03
 2.62800E+03
 2.63151E+03
 2.63503E+03
 2.63854E+03
 2.64205E+03
 2.64556E+03
 2.64907E+03
 2.65258E+03
 2.65609E+03
 2.65959E+03
 2.66309E+03
 2.66659E+03
 2.67009E+03
 2.67359E+03
 2.67708E+03
 2.68058E+03
 2.68407E+03
 2.68756E+03
 2.69105E+03
 2.69454E+03
 2.69802E+03
 2.70151E+03
 2.70499E+03
 2.70847E+03
 2.71195E+03
 2.71542E+03
 2.71890E+03
 2.72237E+03
 2.72585E+03
 2.72932E+03
 2.73279E+03
 2.73625E+03
 2.73972E+03
 2.74318E+03
 2.74665E+03
 2.75011E+03
 2.75357E+03
 2.75702E+03
 2.76048E+03
 2.76393E+03
 2.76739E+03
 2.77084E+03
 2.77429E+03
 2.77774E+03
 2.78118E+03
 2.78463E+03
 2.78807E+03
 2.79151E+03
 2.79495E+03
 2.79839E+03
 2.80182E+03
 2.80526E+03
 2.80869E+03
 2.81212E+03
 2.81555E+03
 2.81898E+03
 2.82241E+03
 2.82584E+03
 2.82926E+03
 2.83268E+03
 2.83610E+03
 2.83952E+03
 2.84294E+03
 2.84635E+03
 2.84977E+03
 2.85318E+03
 2.85659E+03
 2.86000E+03
 2.86341E+03
 2.86681E+03
 2.87022E+03
 2.87362E+03
 2.87702E+03
 2.88042E+03
 2.88382E+03
 2.88721E+03
 2.89061E+03
 2.89400E+03
 2.89739E+03
 2.90078E+03
 2.90417E+03
 2.90756E+03
 2.91094E+03
 2.91433E+03
 2.91771E+03
 2.92109E+03
 2.92447E+03
 2.92785E+03
 2.93122E+03
 2.93460E+03
 2.93797E+03
 2.94134E+03
 2.94471E+03
 2.94808E+03
 2.95144E+03
 2.95481E+03
 2.95817E+03
 2.96153E+03
 2.96489E+03
 2.96825E+03
 2.97161E+03
 2.97496E+03
 2.97832E+03
 2.98167E+03
 2.98502E+03
 2.98837E+03
 2.99172E+03
 2.99506E+03
 2.99841E+03
 3.00175E+03
 3.00509E+03
 3.00843E+03
 3.01177E+03
 3.01510E+03
 3.01844E+03
 3.02177E+03
 3.02510E+03
 3.02843E+03
 3.03176E+03
 3.03509E+03
 3.03842E+03
 3.04174E+03
 3.04506E+03
 3.04838E+03
 3.05170E+03
 3.05502E+03
 3.05834E+03
 3.06165E+03
 3.06497E+03
 3.06828E+03
 3.07159E+03
 3.07490E+03
 3.07820E+03
 3.08151E+03
 3.08481E+03
 3.08812E+03
 3.09142E+03
 3.09472E+03
 3.09802E+03
 3.10131E+03
 3.10461E+03
 3.10790E+03
 3.11119E+03
 3.11448E+03
 3.11777E+03
 3.12106E+03
 3.12434E+03
 3.12763E+03
 3.13091E+03
 3.13419E+03
 3.13747E+03
 3.14075E+03
 3.14403E+03
 3.14730E+03
 3.15058E+03
 3.15385E+03
 3.15712E+03
 3.16039E+03
 3.16366E+03
 3.16692E+03
 3.17019E+03
 3.17345E+03
 3.17671E+03
 3.17997E+03
 3.18323E+03
 3.18649E+03
 3.18974E+03
 3.19300E+03
 3.19625E+03
 3.19950E+03
 3.20275E+03
 3.20600E+03
 3.20924E+03
 3.21249E+03
 3.21573E+03
 3.21897E+03
 3.22221E+03
 3.22545E+03
 3.22869E+03
 3.23193E+03
 3.23516E+03
 3.23839E+03
 3.24163E+03
 3.24486E+03
 3.24809E+03
 3.25131E+03
 3.25454E+03
 3.25776E+03
 3.26098E+03
 3.26421E+03
 3.26743E+03
 3.27064E+03
 3.27386E+03
 3.27708E+03
 3.28029E+03
 3.28350E+03
 3.28671E+03
 3.28992E+03
 3.29313E+03
 3.29634E+03
 3.29954E+03
 3.30275E+03
 3.30595E+03
 3.30915E+03
 3.31235E+03
 3.31555E+03
 3.31874E+03
 3.32194E+03
 3.32513E+03
 3.32832E+03
 3.33151E+03
 3.33470E+03
 3.33789E+03
 3.34107E+03
 3.34426E+03
 3.34744E+03
 3.35062E+03
 3.35380E+03
 3.35698E+03
 3.36016E+03
 3.36333E+03
 3.36651E+03
 3.36968E+03
 3.37285E+03
 3.37602E+03
 3.37919E+03
 3.38236E+03
 3.38552E+03
 3.38869E+03
 3.39185E+03
 3.39501E+03
 3.39817E+03
 3.40133E+03
 3.40449E+03
 3.40764E+03
 3.41080E+03
 3.41395E+03
 3.41710E+03
 3.42025E+03
 3.42340E+03
 3.42655E+03
 3.42969E+03
 3.43284E+03
 3.43598E+03
 3.43912E+03
 3.44226E+03
 3.44540E+03
 3.44853E+03
 3.45167E+03
 3.45480E+03
 3.45794E+03
 3.46107E+03
 3.46420E+03
 3.46733E+03
 3.47045E+03
 3.47358E+03
 3.47670E+03
 3.47983E+03
 3.48295E+03
 3.48607E+03
 3.48918E+03
 3.49230E+03
 3.49542E+03
 3.49853E+03
 3.50164E+03
 3.50476E+03
 3.50787E+03
 3.51097E+03
 3.51408E+03
 3.51719E+03
 3.52029E+03
 3.52339E+03
 3.52650E+03
 3.52960E+03
 3.53269E+03
 3.53579E+03
 3.53889E+03
 3.54198E+03
 3.54507E+03
 3.54817E+03
 3.55126E+03
 3.55435E+03
 3.55743E+03
 3.56052E+03
 3.56360E+03
 3.56669E+03
 3.56977E+03
 3.57285E+03
 3.57593E+03
 3.57901E+03
 3.58208E+03
 3.58516E+03
 3.58823E+03
 3.59130E+03
 3.59437E+03
 3.59744E+03
 3.60051E+03
 3.60358E+03
 3.60664E+03
 3.60971E+03
 3.61277E+03
 3.61583E+03
 3.61889E+03
 3.62195E+03
 3.62501E+03
 3.62806E+03
 3.63111E+03
 3.63417E+03
 3.63722E+03
 3.64027E+03
 3.64332E+03
 3.64637E+03
 3.64941E+03
 3.65246E+03
 3.65550E+03
 3.65854E+03
 3.66158E+03
 3.66462E+03
 3.66766E+03
 3.67069E+03
 3.67373E+03
 3.67676E+03
 3.67980E+03
 3.68283E+03
 3.68586E+03
 3.68888E+03
 3.69191E+03
 3.69494E+03
 3.69796E+03
 3.70098E+03
 3.70400E+03
 3.70702E+03
 3.71004E+03
 3.71306E+03
 3.71608E+03
 3.71909E+03
 3.72210E+03
 3.72512E+03
 3.72813E+03
 3.73114E+03
 3.73414E+03
 3.73715E+03
 3.74016E+03
 3.74316E+03
 3.74616E+03
 3.74916E+03
 3.75216E+03
 3.75516E+03
 3.75816E+03
 3.76115E+03
 3.76415E+03
 3.76714E+03
 3.77013E+03
 3.77312E+03
 3.77611E+03
 3.77910E+03
 3.78209E+03
 3.78507E+03
 3.78806E+03
 3.79104E+03
 3.79402E+03
 3.79700E+03
 3.79998E+03
 3.80295E+03
 3.80593E+03
 3.80890E+03
 3.81188E+03
