 8.77366723E+001
 9.10310020E+001
 9.43238585E+001
 9.76152428E+001
 1.00905156E+002
 1.04193598E+002
 1.07480571E+002
 1.10766076E+002
 1.14050113E+002
 1.17332683E+002
 1.20613787E+002
 1.23893426E+002
 1.27171601E+002
 1.30448312E+002
 1.33723562E+002
 1.36997350E+002
 1.40269677E+002
 1.43540545E+002
 1.46809955E+002
 1.50077906E+002
 1.53344401E+002
 1.56609439E+002
 1.59873023E+002
 1.63135152E+002
 1.66395827E+002
 1.69655051E+002
 1.72912823E+002
 1.76169144E+002
 1.79424015E+002
 1.82677437E+002
 1.85929412E+002
 1.89179939E+002
 1.92429020E+002
 1.95676656E+002
 1.98922847E+002
 2.02167595E+002
 2.05410900E+002
 2.08652763E+002
 2.11893185E+002
 2.15132167E+002
 2.18369710E+002
 2.21605815E+002
 2.24840482E+002
 2.28073713E+002
 2.31305508E+002
 2.34535869E+002
 2.37764795E+002
 2.40992289E+002
 2.44218350E+002
 2.47442980E+002
 2.50666179E+002
 2.53887949E+002
 2.57108291E+002
 2.60327204E+002
 2.63544691E+002
 2.66760752E+002
 2.69975387E+002
 2.73188598E+002
 2.76400386E+002
 2.79610751E+002
 2.82819695E+002
 2.86027217E+002
 2.89233320E+002
 2.92438003E+002
 2.95641269E+002
 2.98843116E+002
 3.02043548E+002
 3.05242563E+002
 3.08440164E+002
 3.11636351E+002
 3.14831125E+002
 3.18024487E+002
 3.21216437E+002
 3.24406977E+002
 3.27596107E+002
 3.30783828E+002
 3.33970141E+002
 3.37155047E+002
 3.40338547E+002
 3.43520642E+002
 3.46701332E+002
 3.49880619E+002
 3.53058502E+002
 3.56234984E+002
 3.59410064E+002
 3.62583744E+002
 3.65756025E+002
 3.68926907E+002
 3.72096392E+002
 3.75264479E+002
 3.78431171E+002
 3.81596467E+002
 3.84760369E+002
 3.87922878E+002
 3.91083993E+002
 3.94243717E+002
 3.97402050E+002
 4.00558993E+002
 4.03714547E+002
 4.06868712E+002
 4.10021489E+002
 4.13172880E+002
 4.16322884E+002
 4.19471504E+002
 4.22618739E+002
 4.25764591E+002
 4.28909061E+002
 4.32052148E+002
 4.35193855E+002
 4.38334181E+002
 4.41473128E+002
 4.44610697E+002
 4.47746888E+002
 4.50881702E+002
 4.54015141E+002
 4.57147204E+002
 4.60277893E+002
 4.63407208E+002
 4.66535151E+002
 4.69661722E+002
 4.72786922E+002
 4.75910752E+002
 4.79033213E+002
 4.82154305E+002
 4.85274029E+002
 4.88392387E+002
 4.91509378E+002
 4.94625004E+002
 4.97739266E+002
 5.00852164E+002
 5.03963699E+002
 5.07073873E+002
 5.10182685E+002
 5.13290137E+002
 5.16396230E+002
 5.19500963E+002
 5.22604339E+002
 5.25706358E+002
 5.28807021E+002
 5.31906328E+002
 5.35004281E+002
 5.38100879E+002
 5.41196125E+002
 5.44290019E+002
 5.47382561E+002
 5.50473752E+002
 5.53563594E+002
 5.56652087E+002
 5.59739232E+002
 5.62825029E+002
 5.65909480E+002
 5.68992586E+002
 5.72074346E+002
 5.75154762E+002
 5.78233835E+002
 5.81311565E+002
 5.84387954E+002
 5.87463001E+002
 5.90536709E+002
 5.93609077E+002
 5.96680107E+002
 5.99749799E+002
 6.02818154E+002
 6.05885173E+002
 6.08950857E+002
 6.12015206E+002
 6.15078222E+002
 6.18139904E+002
 6.21200255E+002
 6.24259274E+002
 6.27316962E+002
 6.30373321E+002
 6.33428351E+002
 6.36482053E+002
 6.39534427E+002
 6.42585475E+002
 6.45635197E+002
 6.48683593E+002
 6.51730666E+002
 6.54776415E+002
 6.57820842E+002
 6.60863947E+002
 6.63905730E+002
 6.66946194E+002
 6.69985337E+002
 6.73023162E+002
 6.76059670E+002
 6.79094860E+002
 6.82128733E+002
 6.85161291E+002
 6.88192534E+002
 6.91222464E+002
 6.94251080E+002
 6.97278383E+002
 7.00304375E+002
 7.03329056E+002
 7.06352426E+002
 7.09374488E+002
 7.12395240E+002
 7.15414685E+002
 7.18432823E+002
 7.21449655E+002
 7.24465181E+002
 7.27479402E+002
 7.30492320E+002
 7.33503934E+002
 7.36514246E+002
 7.39523256E+002
 7.42530966E+002
 7.45537375E+002
 7.48542485E+002
 7.51546296E+002
 7.54548810E+002
 7.57550026E+002
 7.60549947E+002
 7.63548572E+002
 7.66545902E+002
 7.69541938E+002
 7.72536681E+002
 7.75530131E+002
 7.78522290E+002
 7.81513158E+002
 7.84502736E+002
 7.87491024E+002
 7.90478024E+002
 7.93463736E+002
 7.96448161E+002
 7.99431299E+002
 8.02413152E+002
 8.05393720E+002
 8.08373004E+002
 8.11351004E+002
 8.14327722E+002
 8.17303159E+002
 8.20277314E+002
 8.23250188E+002
 8.26221784E+002
 8.29192100E+002
 8.32161139E+002
 8.35128900E+002
 8.38095384E+002
 8.41060593E+002
 8.44024527E+002
 8.46987186E+002
 8.49948572E+002
 8.52908685E+002
 8.55867526E+002
 8.58825096E+002
 8.61781395E+002
 8.64736424E+002
 8.67690185E+002
 8.70642677E+002
 8.73593901E+002
 8.76543858E+002
 8.79492550E+002
 8.82439976E+002
 8.85386137E+002
 8.88331035E+002
 8.91274669E+002
 8.94217041E+002
 8.97158152E+002
 9.00098001E+002
 9.03036590E+002
 9.05973920E+002
 9.08909991E+002
 9.11844804E+002
 9.14778360E+002
 9.17710660E+002
 9.20641703E+002
 9.23571492E+002
 9.26500026E+002
 9.29427307E+002
 9.32353335E+002
 9.35278111E+002
 9.38201635E+002
 9.41123909E+002
 9.44044933E+002
 9.46964708E+002
 9.49883234E+002
 9.52800513E+002
 9.55716544E+002
 9.58631329E+002
 9.61544869E+002
 9.64457164E+002
 9.67368215E+002
 9.70278023E+002
 9.73186587E+002
 9.76093910E+002
 9.78999992E+002
 9.81904833E+002
 9.84808435E+002
 9.87710797E+002
 9.90611922E+002
 9.93511808E+002
 9.96410458E+002
 9.99307872E+002
 1.00220405E+003
 1.00509899E+003
 1.00799270E+003
 1.01088518E+003
 1.01377642E+003
 1.01666643E+003
 1.01955522E+003
 1.02244277E+003
 1.02532909E+003
 1.02821418E+003
 1.03109804E+003
 1.03398068E+003
 1.03686209E+003
 1.03974227E+003
 1.04262123E+003
 1.04549896E+003
 1.04837547E+003
 1.05125075E+003
 1.05412481E+003
 1.05699766E+003
 1.05986928E+003
 1.06273967E+003
 1.06560885E+003
 1.06847681E+003
 1.07134356E+003
 1.07420908E+003
 1.07707339E+003
 1.07993648E+003
 1.08279836E+003
 1.08565902E+003
 1.08851846E+003
 1.09137670E+003
 1.09423372E+003
 1.09708953E+003
 1.09994412E+003
 1.10279751E+003
 1.10564969E+003
 1.10850066E+003
 1.11135041E+003
 1.11419897E+003
 1.11704631E+003
 1.11989245E+003
 1.12273738E+003
 1.12558111E+003
 1.12842363E+003
 1.13126495E+003
 1.13410506E+003
 1.13694398E+003
 1.13978169E+003
 1.14261820E+003
 1.14545351E+003
 1.14828762E+003
 1.15112054E+003
 1.15395225E+003
 1.15678277E+003
 1.15961209E+003
 1.16244021E+003
 1.16526714E+003
 1.16809288E+003
 1.17091742E+003
 1.17374077E+003
 1.17656292E+003
 1.17938388E+003
 1.18220365E+003
 1.18502223E+003
 1.18783963E+003
 1.19065583E+003
 1.19347084E+003
 1.19628467E+003
 1.19909730E+003
 1.20190876E+003
 1.20471902E+003
 1.20752810E+003
 1.21033600E+003
 1.21314271E+003
 1.21594824E+003
 1.21875259E+003
 1.22155575E+003
 1.22435774E+003
 1.22715854E+003
 1.22995817E+003
 1.23275661E+003
 1.23555388E+003
 1.23834997E+003
 1.24114488E+003
 1.24393862E+003
 1.24673118E+003
 1.24952257E+003
 1.25231278E+003
 1.25510181E+003
 1.25788968E+003
 1.26067637E+003
 1.26346189E+003
 1.26624624E+003
 1.26902942E+003
 1.27181143E+003
 1.27459227E+003
 1.27737195E+003
 1.28015045E+003
 1.28292779E+003
 1.28570396E+003
 1.28847897E+003
 1.29125281E+003
 1.29402549E+003
 1.29679700E+003
 1.29956735E+003
 1.30233654E+003
 1.30510457E+003
 1.30787143E+003
 1.31063714E+003
 1.31340168E+003
 1.31616507E+003
 1.31892730E+003
 1.32168837E+003
 1.32444829E+003
 1.32720704E+003
 1.32996464E+003
 1.33272109E+003
 1.33547638E+003
 1.33823052E+003
 1.34098351E+003
 1.34373534E+003
 1.34648602E+003
 1.34923555E+003
 1.35198393E+003
 1.35473116E+003
 1.35747725E+003
 1.36022218E+003
 1.36296596E+003
 1.36570860E+003
 1.36845009E+003
 1.37119044E+003
 1.37392964E+003
 1.37666769E+003
 1.37940461E+003
 1.38214037E+003
 1.38487500E+003
 1.38760848E+003
 1.39034083E+003
 1.39307203E+003
 1.39580209E+003
 1.39853101E+003
 1.40125879E+003
 1.40398544E+003
 1.40671095E+003
 1.40943532E+003
 1.41215855E+003
 1.41488065E+003
 1.41760162E+003
 1.42032145E+003
 1.42304014E+003
 1.42575771E+003
 1.42847414E+003
 1.43118944E+003
 1.43390361E+003
 1.43661665E+003
 1.43932855E+003
 1.44203933E+003
 1.44474898E+003
 1.44745751E+003
 1.45016490E+003
 1.45287117E+003
 1.45557631E+003
 1.45828033E+003
 1.46098323E+003
 1.46368499E+003
 1.46638564E+003
 1.46908516E+003
 1.47178356E+003
 1.47448084E+003
 1.47717700E+003
 1.47987204E+003
 1.48256596E+003
 1.48525876E+003
 1.48795044E+003
 1.49064100E+003
 1.49333045E+003
 1.49601878E+003
 1.49870599E+003
 1.50139209E+003
 1.50407707E+003
 1.50676094E+003
 1.50944370E+003
 1.51212534E+003
 1.51480588E+003
 1.51748530E+003
 1.52016361E+003
 1.52284081E+003
 1.52551690E+003
 1.52819188E+003
 1.53086575E+003
 1.53353851E+003
 1.53621017E+003
 1.53888072E+003
 1.54155017E+003
 1.54421851E+003
 1.54688574E+003
 1.54955188E+003
 1.55221690E+003
 1.55488083E+003
 1.55754365E+003
 1.56020537E+003
 1.56286599E+003
 1.56552551E+003
 1.56818393E+003
 1.57084126E+003
 1.57349748E+003
 1.57615260E+003
 1.57880663E+003
 1.58145956E+003
 1.58411140E+003
 1.58676214E+003
 1.58941178E+003
 1.59206034E+003
 1.59470779E+003
 1.59735416E+003
 1.59999943E+003
 1.60264361E+003
 1.60528670E+003
 1.60792870E+003
 1.61056961E+003
 1.61320943E+003
 1.61584816E+003
 1.61848580E+003
 1.62112236E+003
 1.62375783E+003
 1.62639221E+003
 1.62902550E+003
 1.63165772E+003
 1.63428884E+003
 1.63691889E+003
 1.63954785E+003
 1.64217573E+003
 1.64480252E+003
 1.64742823E+003
 1.65005287E+003
 1.65267642E+003
 1.65529889E+003
 1.65792029E+003
 1.66054060E+003
 1.66315984E+003
 1.66577800E+003
 1.66839509E+003
 1.67101110E+003
 1.67362603E+003
 1.67623989E+003
 1.67885267E+003
 1.68146438E+003
 1.68407502E+003
 1.68668458E+003
 1.68929308E+003
 1.69190050E+003
 1.69450685E+003
 1.69711213E+003
 1.69971634E+003
 1.70231948E+003
 1.70492156E+003
 1.70752256E+003
 1.71012250E+003
 1.71272138E+003
 1.71531918E+003
 1.71791593E+003
 1.72051160E+003
 1.72310622E+003
 1.72569976E+003
 1.72829225E+003
 1.73088367E+003
 1.73347404E+003
 1.73606334E+003
 1.73865158E+003
 1.74123876E+003
 1.74382488E+003
 1.74640994E+003
 1.74899394E+003
 1.75157689E+003
 1.75415878E+003
 1.75673961E+003
 1.75931939E+003
 1.76189811E+003
 1.76447578E+003
 1.76705239E+003
 1.76962795E+003
 1.77220245E+003
 1.77477590E+003
 1.77734831E+003
 1.77991966E+003
 1.78248995E+003
 1.78505920E+003
 1.78762740E+003
 1.79019455E+003
 1.79276066E+003
 1.79532571E+003
 1.79788972E+003
 1.80045268E+003
 1.80301459E+003
 1.80557546E+003
 1.80813528E+003
 1.81069406E+003
 1.81325180E+003
 1.81580849E+003
 1.81836414E+003
 1.82091875E+003
 1.82347232E+003
 1.82602484E+003
 1.82857633E+003
 1.83112677E+003
 1.83367618E+003
 1.83622455E+003
 1.83877188E+003
 1.84131817E+003
 1.84386342E+003
 1.84640764E+003
 1.84895082E+003
 1.85149297E+003
 1.85403408E+003
 1.85657416E+003
 1.85911321E+003
 1.86165122E+003
 1.86418820E+003
 1.86672415E+003
 1.86925907E+003
 1.87179295E+003
 1.87432581E+003
 1.87685764E+003
 1.87938843E+003
 1.88191820E+003
 1.88444694E+003
 1.88697466E+003
 1.88950135E+003
 1.89202701E+003
 1.89455164E+003
 1.89707525E+003
 1.89959784E+003
 1.90211940E+003
 1.90463994E+003
 1.90715946E+003
 1.90967795E+003
 1.91219542E+003
 1.91471187E+003
 1.91722730E+003
 1.91974171E+003
 1.92225511E+003
 1.92476748E+003
 1.92727883E+003
 1.92978917E+003
 1.93229848E+003
 1.93480679E+003
 1.93731407E+003
 1.93982034E+003
 1.94232560E+003
 1.94482984E+003
 1.94733307E+003
 1.94983528E+003
 1.95233648E+003
 1.95483667E+003
 1.95733584E+003
 1.95983401E+003
 1.96233116E+003
 1.96482731E+003
 1.96732244E+003
 1.96981657E+003
 1.97230969E+003
 1.97480180E+003
 1.97729290E+003
 1.97978300E+003
 1.98227209E+003
 1.98476017E+003
 1.98724725E+003
 1.98973333E+003
 1.99221840E+003
 1.99470246E+003
 1.99718553E+003
 1.99966759E+003
 2.00214865E+003
 2.00462871E+003
 2.00710776E+003
 2.00958582E+003
 2.01206288E+003
 2.01453894E+003
 2.01701400E+003
 2.01948806E+003
 2.02196112E+003
 2.02443319E+003
 2.02690426E+003
 2.02937434E+003
 2.03184342E+003
 2.03431150E+003
 2.03677859E+003
 2.03924469E+003
 2.04170979E+003
 2.04417391E+003
 2.04663702E+003
 2.04909915E+003
 2.05156029E+003
 2.05402043E+003
 2.05647959E+003
 2.05893776E+003
 2.06139493E+003
 2.06385112E+003
 2.06630633E+003
 2.06876054E+003
 2.07121377E+003
 2.07366601E+003
 2.07611726E+003
 2.07856753E+003
 2.08101682E+003
 2.08346512E+003
 2.08591244E+003
 2.08835877E+003
 2.09080413E+003
 2.09324850E+003
 2.09569189E+003
 2.09813429E+003
 2.10057572E+003
 2.10301617E+003
 2.10545564E+003
 2.10789413E+003
 2.11033164E+003
 2.11276817E+003
 2.11520373E+003
 2.11763831E+003
 2.12007191E+003
 2.12250454E+003
 2.12493619E+003
 2.12736687E+003
 2.12979657E+003
 2.13222530E+003
 2.13465306E+003
 2.13707985E+003
 2.13950566E+003
 2.14193050E+003
 2.14435437E+003
 2.14677727E+003
 2.14919920E+003
 2.15162016E+003
 2.15404015E+003
 2.15645918E+003
 2.15887723E+003
 2.16129432E+003
 2.16371044E+003
 2.16612560E+003
 2.16853979E+003
 2.17095301E+003
 2.17336527E+003
 2.17577657E+003
 2.17818690E+003
 2.18059627E+003
 2.18300468E+003
 2.18541212E+003
 2.18781860E+003
 2.19022413E+003
 2.19262869E+003
 2.19503229E+003
 2.19743493E+003
 2.19983661E+003
 2.20223733E+003
 2.20463710E+003
 2.20703591E+003
 2.20943376E+003
 2.21183065E+003
 2.21422659E+003
 2.21662158E+003
 2.21901560E+003
 2.22140868E+003
 2.22380080E+003
 2.22619196E+003
 2.22858218E+003
 2.23097144E+003
 2.23335975E+003
 2.23574711E+003
 2.23813352E+003
 2.24051897E+003
 2.24290348E+003
 2.24528704E+003
 2.24766965E+003
 2.25005131E+003
 2.25243202E+003
 2.25481178E+003
 2.25719060E+003
 2.25956848E+003
 2.26194540E+003
 2.26432138E+003
 2.26669642E+003
 2.26907051E+003
 2.27144366E+003
 2.27381587E+003
 2.27618713E+003
 2.27855745E+003
 2.28092683E+003
 2.28329526E+003
 2.28566276E+003
 2.28802931E+003
 2.29039493E+003
 2.29275961E+003
 2.29512335E+003
 2.29748615E+003
 2.29984801E+003
 2.30220893E+003
 2.30456892E+003
 2.30692797E+003
 2.30928609E+003
 2.31164327E+003
 2.31399951E+003
 2.31635483E+003
 2.31870920E+003
 2.32106265E+003
 2.32341516E+003
 2.32576674E+003
 2.32811739E+003
 2.33046710E+003
 2.33281589E+003
 2.33516374E+003
 2.33751067E+003
 2.33985666E+003
 2.34220173E+003
 2.34454587E+003
 2.34688908E+003
 2.34923136E+003
 2.35157272E+003
 2.35391315E+003
 2.35625265E+003
 2.35859123E+003
 2.36092888E+003
 2.36326561E+003
 2.36560142E+003
 2.36793630E+003
 2.37027026E+003
 2.37260329E+003
 2.37493541E+003
 2.37726660E+003
 2.37959687E+003
 2.38192622E+003
 2.38425466E+003
 2.38658217E+003
 2.38890876E+003
 2.39123443E+003
 2.39355919E+003
 2.39588303E+003
 2.39820595E+003
 2.40052795E+003
 2.40284904E+003
 2.40516921E+003
 2.40748847E+003
 2.40980681E+003
 2.41212424E+003
 2.41444076E+003
 2.41675636E+003
 2.41907104E+003
 2.42138482E+003
 2.42369769E+003
 2.42600964E+003
 2.42832068E+003
 2.43063081E+003
 2.43294003E+003
 2.43524835E+003
 2.43755575E+003
 2.43986224E+003
 2.44216783E+003
 2.44447251E+003
 2.44677628E+003
 2.44907915E+003
 2.45138111E+003
 2.45368216E+003
 2.45598231E+003
 2.45828155E+003
 2.46057989E+003
 2.46287733E+003
 2.46517386E+003
 2.46746949E+003
 2.46976422E+003
 2.47205804E+003
 2.47435097E+003
 2.47664299E+003
 2.47893412E+003
 2.48122434E+003
 2.48351366E+003
 2.48580209E+003
 2.48808961E+003
 2.49037624E+003
 2.49266197E+003
 2.49494681E+003
 2.49723074E+003
 2.49951378E+003
 2.50179593E+003
 2.50407718E+003
 2.50635753E+003
 2.50863699E+003
 2.51091556E+003
 2.51319324E+003
 2.51547002E+003
 2.51774590E+003
 2.52002090E+003
 2.52229500E+003
 2.52456822E+003
 2.52684054E+003
 2.52911197E+003
 2.53138252E+003
 2.53365217E+003
 2.53592094E+003
 2.53818882E+003
 2.54045581E+003
 2.54272191E+003
 2.54498712E+003
 2.54725145E+003
 2.54951490E+003
 2.55177745E+003
 2.55403913E+003
 2.55629991E+003
 2.55855982E+003
 2.56081884E+003
 2.56307698E+003
 2.56533423E+003
 2.56759060E+003
 2.56984609E+003
 2.57210070E+003
 2.57435443E+003
 2.57660728E+003
 2.57885925E+003
 2.58111033E+003
 2.58336054E+003
 2.58560988E+003
 2.58785833E+003
 2.59010590E+003
 2.59235260E+003
 2.59459842E+003
 2.59684337E+003
 2.59908744E+003
 2.60133063E+003
 2.60357295E+003
 2.60581439E+003
 2.60805496E+003
 2.61029466E+003
 2.61253349E+003
 2.61477144E+003
 2.61700852E+003
 2.61924472E+003
 2.62148006E+003
 2.62371452E+003
 2.62594812E+003
 2.62818084E+003
 2.63041270E+003
 2.63264369E+003
 2.63487380E+003
 2.63710305E+003
 2.63933143E+003
 2.64155895E+003
 2.64378560E+003
 2.64601138E+003
 2.64823629E+003
 2.65046034E+003
 2.65268353E+003
 2.65490585E+003
 2.65712731E+003
 2.65934790E+003
 2.66156763E+003
 2.66378650E+003
 2.66600450E+003
 2.66822164E+003
 2.67043793E+003
 2.67265335E+003
 2.67486791E+003
 2.67708161E+003
 2.67929445E+003
 2.68150643E+003
 2.68371755E+003
 2.68592781E+003
 2.68813722E+003
 2.69034577E+003
 2.69255346E+003
 2.69476030E+003
 2.69696627E+003
 2.69917140E+003
 2.70137567E+003
 2.70357908E+003
 2.70578164E+003
 2.70798335E+003
 2.71018420E+003
 2.71238420E+003
 2.71458334E+003
 2.71678164E+003
 2.71897908E+003
 2.72117567E+003
 2.72337141E+003
 2.72556630E+003
 2.72776034E+003
 2.72995353E+003
 2.73214587E+003
 2.73433737E+003
 2.73652801E+003
 2.73871781E+003
 2.74090676E+003
 2.74309486E+003
 2.74528212E+003
 2.74746853E+003
 2.74965409E+003
 2.75183881E+003
 2.75402269E+003
 2.75620572E+003
 2.75838791E+003
 2.76056925E+003
 2.76274975E+003
 2.76492941E+003
 2.76710823E+003
 2.76928620E+003
 2.77146333E+003
 2.77363963E+003
 2.77581508E+003
 2.77798969E+003
 2.78016346E+003
 2.78233640E+003
 2.78450849E+003
 2.78667975E+003
 2.78885017E+003
 2.79101975E+003
 2.79318849E+003
 2.79535640E+003
 2.79752347E+003
 2.79968971E+003
 2.80185511E+003
 2.80401968E+003
 2.80618341E+003
 2.80834631E+003
 2.81050837E+003
 2.81266960E+003
 2.81483000E+003
 2.81698957E+003
 2.81914830E+003
 2.82130621E+003
