 8.77367E+01
 9.10310E+01
 9.43239E+01
 9.76152E+01
 1.00905E+02
 1.04194E+02
 1.07481E+02
 1.10766E+02
 1.14050E+02
 1.17333E+02
 1.20614E+02
 1.23893E+02
 1.27172E+02
 1.30448E+02
 1.33724E+02
 1.36997E+02
 1.40270E+02
 1.43541E+02
 1.46810E+02
 1.50078E+02
 1.53344E+02
 1.56609E+02
 1.59873E+02
 1.63135E+02
 1.66396E+02
 1.69655E+02
 1.72913E+02
 1.76169E+02
 1.79424E+02
 1.82677E+02
 1.85929E+02
 1.89180E+02
 1.92429E+02
 1.95677E+02
 1.98923E+02
 2.02168E+02
 2.05411E+02
 2.08653E+02
 2.11893E+02
 2.15132E+02
 2.18370E+02
 2.21606E+02
 2.24840E+02
 2.28074E+02
 2.31306E+02
 2.34536E+02
 2.37765E+02
 2.40992E+02
 2.44218E+02
 2.47443E+02
 2.50666E+02
 2.53888E+02
 2.57108E+02
 2.60327E+02
 2.63545E+02
 2.66761E+02
 2.69975E+02
 2.73189E+02
 2.76400E+02
 2.79611E+02
 2.82820E+02
 2.86027E+02
 2.89233E+02
 2.92438E+02
 2.95641E+02
 2.98843E+02
 3.02044E+02
 3.05243E+02
 3.08440E+02
 3.11636E+02
 3.14831E+02
 3.18024E+02
 3.21216E+02
 3.24407E+02
 3.27596E+02
 3.30784E+02
 3.33970E+02
 3.37155E+02
 3.40339E+02
 3.43521E+02
 3.46701E+02
 3.49881E+02
 3.53059E+02
 3.56235E+02
 3.59410E+02
 3.62584E+02
 3.65756E+02
 3.68927E+02
 3.72096E+02
 3.75264E+02
 3.78431E+02
 3.81596E+02
 3.84760E+02
 3.87923E+02
 3.91084E+02
 3.94244E+02
 3.97402E+02
 4.00559E+02
 4.03715E+02
 4.06869E+02
 4.10021E+02
 4.13173E+02
 4.16323E+02
 4.19472E+02
 4.22619E+02
 4.25765E+02
 4.28909E+02
 4.32052E+02
 4.35194E+02
 4.38334E+02
 4.41473E+02
 4.44611E+02
 4.47747E+02
 4.50882E+02
 4.54015E+02
 4.57147E+02
 4.60278E+02
 4.63407E+02
 4.66535E+02
 4.69662E+02
 4.72787E+02
 4.75911E+02
 4.79033E+02
 4.82154E+02
 4.85274E+02
 4.88392E+02
 4.91509E+02
 4.94625E+02
 4.97739E+02
 5.00852E+02
 5.03964E+02
 5.07074E+02
 5.10183E+02
 5.13290E+02
 5.16396E+02
 5.19501E+02
 5.22604E+02
 5.25706E+02
 5.28807E+02
 5.31906E+02
 5.35004E+02
 5.38101E+02
 5.41196E+02
 5.44290E+02
 5.47383E+02
 5.50474E+02
 5.53564E+02
 5.56652E+02
 5.59739E+02
 5.62825E+02
 5.65909E+02
 5.68993E+02
 5.72074E+02
 5.75155E+02
 5.78234E+02
 5.81312E+02
 5.84388E+02
 5.87463E+02
 5.90537E+02
 5.93609E+02
 5.96680E+02
 5.99750E+02
 6.02818E+02
 6.05885E+02
 6.08951E+02
 6.12015E+02
 6.15078E+02
 6.18140E+02
 6.21200E+02
 6.24259E+02
 6.27317E+02
 6.30373E+02
 6.33428E+02
 6.36482E+02
 6.39534E+02
 6.42585E+02
 6.45635E+02
 6.48684E+02
 6.51731E+02
 6.54776E+02
 6.57821E+02
 6.60864E+02
 6.63906E+02
 6.66946E+02
 6.69985E+02
 6.73023E+02
 6.76060E+02
 6.79095E+02
 6.82129E+02
 6.85161E+02
 6.88193E+02
 6.91222E+02
 6.94251E+02
 6.97278E+02
 7.00304E+02
 7.03329E+02
 7.06352E+02
 7.09374E+02
 7.12395E+02
 7.15415E+02
 7.18433E+02
 7.21450E+02
 7.24465E+02
 7.27479E+02
 7.30492E+02
 7.33504E+02
 7.36514E+02
 7.39523E+02
 7.42531E+02
 7.45537E+02
 7.48542E+02
 7.51546E+02
 7.54549E+02
 7.57550E+02
 7.60550E+02
 7.63549E+02
 7.66546E+02
 7.69542E+02
 7.72537E+02
 7.75530E+02
 7.78522E+02
 7.81513E+02
 7.84503E+02
 7.87491E+02
 7.90478E+02
 7.93464E+02
 7.96448E+02
 7.99431E+02
 8.02413E+02
 8.05394E+02
 8.08373E+02
 8.11351E+02
 8.14328E+02
 8.17303E+02
 8.20277E+02
 8.23250E+02
 8.26222E+02
 8.29192E+02
 8.32161E+02
 8.35129E+02
 8.38095E+02
 8.41061E+02
 8.44025E+02
 8.46987E+02
 8.49949E+02
 8.52909E+02
 8.55868E+02
 8.58825E+02
 8.61781E+02
 8.64736E+02
 8.67690E+02
 8.70643E+02
 8.73594E+02
 8.76544E+02
 8.79493E+02
 8.82440E+02
 8.85386E+02
 8.88331E+02
 8.91275E+02
 8.94217E+02
 8.97158E+02
 9.00098E+02
 9.03037E+02
 9.05974E+02
 9.08910E+02
 9.11845E+02
 9.14778E+02
 9.17711E+02
 9.20642E+02
 9.23571E+02
 9.26500E+02
 9.29427E+02
 9.32353E+02
 9.35278E+02
 9.38202E+02
 9.41124E+02
 9.44045E+02
 9.46965E+02
 9.49883E+02
 9.52801E+02
 9.55717E+02
 9.58631E+02
 9.61545E+02
 9.64457E+02
 9.67368E+02
 9.70278E+02
 9.73187E+02
 9.76094E+02
 9.79000E+02
 9.81905E+02
 9.84808E+02
 9.87711E+02
 9.90612E+02
 9.93512E+02
 9.96410E+02
 9.99308E+02
 1.00220E+03
 1.00510E+03
 1.00799E+03
 1.01089E+03
 1.01378E+03
 1.01667E+03
 1.01956E+03
 1.02244E+03
 1.02533E+03
 1.02821E+03
 1.03110E+03
 1.03398E+03
 1.03686E+03
 1.03974E+03
 1.04262E+03
 1.04550E+03
 1.04838E+03
 1.05125E+03
 1.05412E+03
 1.05700E+03
 1.05987E+03
 1.06274E+03
 1.06561E+03
 1.06848E+03
 1.07134E+03
 1.07421E+03
 1.07707E+03
 1.07994E+03
 1.08280E+03
 1.08566E+03
 1.08852E+03
 1.09138E+03
 1.09423E+03
 1.09709E+03
 1.09994E+03
 1.10280E+03
 1.10565E+03
 1.10850E+03
 1.11135E+03
 1.11420E+03
 1.11705E+03
 1.11989E+03
 1.12274E+03
 1.12558E+03
 1.12842E+03
 1.13126E+03
 1.13411E+03
 1.13694E+03
 1.13978E+03
 1.14262E+03
 1.14545E+03
 1.14829E+03
 1.15112E+03
 1.15395E+03
 1.15678E+03
 1.15961E+03
 1.16244E+03
 1.16527E+03
 1.16809E+03
 1.17092E+03
 1.17374E+03
 1.17656E+03
 1.17938E+03
 1.18220E+03
 1.18502E+03
 1.18784E+03
 1.19066E+03
 1.19347E+03
 1.19628E+03
 1.19910E+03
 1.20191E+03
 1.20472E+03
 1.20753E+03
 1.21034E+03
 1.21314E+03
 1.21595E+03
 1.21875E+03
 1.22156E+03
 1.22436E+03
 1.22716E+03
 1.22996E+03
 1.23276E+03
 1.23555E+03
 1.23835E+03
 1.24114E+03
 1.24394E+03
 1.24673E+03
 1.24952E+03
 1.25231E+03
 1.25510E+03
 1.25789E+03
 1.26068E+03
 1.26346E+03
 1.26625E+03
 1.26903E+03
 1.27181E+03
 1.27459E+03
 1.27737E+03
 1.28015E+03
 1.28293E+03
 1.28570E+03
 1.28848E+03
 1.29125E+03
 1.29403E+03
 1.29680E+03
 1.29957E+03
 1.30234E+03
 1.30510E+03
 1.30787E+03
 1.31064E+03
 1.31340E+03
 1.31617E+03
 1.31893E+03
 1.32169E+03
 1.32445E+03
 1.32721E+03
 1.32996E+03
 1.33272E+03
 1.33548E+03
 1.33823E+03
 1.34098E+03
 1.34374E+03
 1.34649E+03
 1.34924E+03
 1.35198E+03
 1.35473E+03
 1.35748E+03
 1.36022E+03
 1.36297E+03
 1.36571E+03
 1.36845E+03
 1.37119E+03
 1.37393E+03
 1.37667E+03
 1.37940E+03
 1.38214E+03
 1.38487E+03
 1.38761E+03
 1.39034E+03
 1.39307E+03
 1.39580E+03
 1.39853E+03
 1.40126E+03
 1.40399E+03
 1.40671E+03
 1.40944E+03
 1.41216E+03
 1.41488E+03
 1.41760E+03
 1.42032E+03
 1.42304E+03
 1.42576E+03
 1.42847E+03
 1.43119E+03
 1.43390E+03
 1.43662E+03
 1.43933E+03
 1.44204E+03
 1.44475E+03
 1.44746E+03
 1.45016E+03
 1.45287E+03
 1.45558E+03
 1.45828E+03
 1.46098E+03
 1.46368E+03
 1.46639E+03
 1.46909E+03
 1.47178E+03
 1.47448E+03
 1.47718E+03
 1.47987E+03
 1.48257E+03
 1.48526E+03
 1.48795E+03
 1.49064E+03
 1.49333E+03
 1.49602E+03
 1.49871E+03
 1.50139E+03
 1.50408E+03
 1.50676E+03
 1.50944E+03
 1.51213E+03
 1.51481E+03
 1.51749E+03
 1.52016E+03
 1.52284E+03
 1.52552E+03
 1.52819E+03
 1.53087E+03
 1.53354E+03
 1.53621E+03
 1.53888E+03
 1.54155E+03
 1.54422E+03
 1.54689E+03
 1.54955E+03
 1.55222E+03
 1.55488E+03
 1.55754E+03
 1.56021E+03
 1.56287E+03
 1.56553E+03
 1.56818E+03
 1.57084E+03
 1.57350E+03
 1.57615E+03
 1.57881E+03
 1.58146E+03
 1.58411E+03
 1.58676E+03
 1.58941E+03
 1.59206E+03
 1.59471E+03
 1.59735E+03
 1.60000E+03
 1.60264E+03
 1.60529E+03
 1.60793E+03
 1.61057E+03
 1.61321E+03
 1.61585E+03
 1.61849E+03
 1.62112E+03
 1.62376E+03
 1.62639E+03
 1.62903E+03
 1.63166E+03
 1.63429E+03
 1.63692E+03
 1.63955E+03
 1.64218E+03
 1.64480E+03
 1.64743E+03
 1.65005E+03
 1.65268E+03
 1.65530E+03
 1.65792E+03
 1.66054E+03
 1.66316E+03
 1.66578E+03
 1.66840E+03
 1.67101E+03
 1.67363E+03
 1.67624E+03
 1.67885E+03
 1.68146E+03
 1.68408E+03
 1.68668E+03
 1.68929E+03
 1.69190E+03
 1.69451E+03
 1.69711E+03
 1.69972E+03
 1.70232E+03
 1.70492E+03
 1.70752E+03
 1.71012E+03
 1.71272E+03
 1.71532E+03
 1.71792E+03
 1.72051E+03
 1.72311E+03
 1.72570E+03
 1.72829E+03
 1.73088E+03
 1.73347E+03
 1.73606E+03
 1.73865E+03
 1.74124E+03
 1.74382E+03
 1.74641E+03
 1.74899E+03
 1.75158E+03
 1.75416E+03
 1.75674E+03
 1.75932E+03
 1.76190E+03
 1.76448E+03
 1.76705E+03
 1.76963E+03
 1.77220E+03
 1.77478E+03
 1.77735E+03
 1.77992E+03
 1.78249E+03
 1.78506E+03
 1.78763E+03
 1.79019E+03
 1.79276E+03
 1.79533E+03
 1.79789E+03
 1.80045E+03
 1.80301E+03
 1.80558E+03
 1.80814E+03
 1.81069E+03
 1.81325E+03
 1.81581E+03
 1.81836E+03
 1.82092E+03
 1.82347E+03
 1.82602E+03
 1.82858E+03
 1.83113E+03
 1.83368E+03
 1.83622E+03
 1.83877E+03
 1.84132E+03
 1.84386E+03
 1.84641E+03
 1.84895E+03
 1.85149E+03
 1.85403E+03
 1.85657E+03
 1.85911E+03
 1.86165E+03
 1.86419E+03
 1.86672E+03
 1.86926E+03
 1.87179E+03
 1.87433E+03
 1.87686E+03
 1.87939E+03
 1.88192E+03
 1.88445E+03
 1.88697E+03
 1.88950E+03
 1.89203E+03
 1.89455E+03
 1.89708E+03
 1.89960E+03
 1.90212E+03
 1.90464E+03
 1.90716E+03
 1.90968E+03
 1.91220E+03
 1.91471E+03
 1.91723E+03
 1.91974E+03
 1.92226E+03
 1.92477E+03
 1.92728E+03
 1.92979E+03
 1.93230E+03
 1.93481E+03
 1.93731E+03
 1.93982E+03
 1.94233E+03
 1.94483E+03
 1.94733E+03
 1.94984E+03
 1.95234E+03
 1.95484E+03
 1.95734E+03
 1.95983E+03
 1.96233E+03
 1.96483E+03
 1.96732E+03
 1.96982E+03
 1.97231E+03
 1.97480E+03
 1.97729E+03
 1.97978E+03
 1.98227E+03
 1.98476E+03
 1.98725E+03
 1.98973E+03
 1.99222E+03
 1.99470E+03
 1.99719E+03
 1.99967E+03
 2.00215E+03
 2.00463E+03
 2.00711E+03
 2.00959E+03
 2.01206E+03
 2.01454E+03
 2.01701E+03
 2.01949E+03
 2.02196E+03
 2.02443E+03
 2.02690E+03
 2.02937E+03
 2.03184E+03
 2.03431E+03
 2.03678E+03
 2.03924E+03
 2.04171E+03
 2.04417E+03
 2.04664E+03
 2.04910E+03
 2.05156E+03
 2.05402E+03
 2.05648E+03
 2.05894E+03
 2.06139E+03
 2.06385E+03
 2.06631E+03
 2.06876E+03
 2.07121E+03
 2.07367E+03
 2.07612E+03
 2.07857E+03
 2.08102E+03
 2.08347E+03
 2.08591E+03
 2.08836E+03
 2.09080E+03
 2.09325E+03
 2.09569E+03
 2.09813E+03
 2.10058E+03
 2.10302E+03
 2.10546E+03
 2.10789E+03
 2.11033E+03
 2.11277E+03
 2.11520E+03
 2.11764E+03
 2.12007E+03
 2.12250E+03
 2.12494E+03
 2.12737E+03
 2.12980E+03
 2.13223E+03
 2.13465E+03
 2.13708E+03
 2.13951E+03
 2.14193E+03
 2.14435E+03
 2.14678E+03
 2.14920E+03
 2.15162E+03
 2.15404E+03
 2.15646E+03
 2.15888E+03
 2.16129E+03
 2.16371E+03
 2.16613E+03
 2.16854E+03
 2.17095E+03
 2.17337E+03
 2.17578E+03
 2.17819E+03
 2.18060E+03
 2.18300E+03
 2.18541E+03
 2.18782E+03
 2.19022E+03
 2.19263E+03
 2.19503E+03
 2.19743E+03
 2.19984E+03
 2.20224E+03
 2.20464E+03
 2.20704E+03
 2.20943E+03
 2.21183E+03
 2.21423E+03
 2.21662E+03
 2.21902E+03
 2.22141E+03
 2.22380E+03
 2.22619E+03
 2.22858E+03
 2.23097E+03
 2.23336E+03
 2.23575E+03
 2.23813E+03
 2.24052E+03
 2.24290E+03
 2.24529E+03
 2.24767E+03
 2.25005E+03
 2.25243E+03
 2.25481E+03
 2.25719E+03
 2.25957E+03
 2.26195E+03
 2.26432E+03
 2.26670E+03
 2.26907E+03
 2.27144E+03
 2.27382E+03
 2.27619E+03
 2.27856E+03
 2.28093E+03
 2.28330E+03
 2.28566E+03
 2.28803E+03
 2.29039E+03
 2.29276E+03
 2.29512E+03
 2.29749E+03
 2.29985E+03
 2.30221E+03
 2.30457E+03
 2.30693E+03
 2.30929E+03
 2.31164E+03
 2.31400E+03
 2.31635E+03
 2.31871E+03
 2.32106E+03
 2.32342E+03
 2.32577E+03
 2.32812E+03
 2.33047E+03
 2.33282E+03
 2.33516E+03
 2.33751E+03
 2.33986E+03
 2.34220E+03
 2.34455E+03
 2.34689E+03
 2.34923E+03
 2.35157E+03
 2.35391E+03
 2.35625E+03
 2.35859E+03
 2.36093E+03
 2.36327E+03
 2.36560E+03
 2.36794E+03
 2.37027E+03
 2.37260E+03
 2.37494E+03
 2.37727E+03
 2.37960E+03
 2.38193E+03
 2.38425E+03
 2.38658E+03
 2.38891E+03
 2.39123E+03
 2.39356E+03
 2.39588E+03
 2.39821E+03
 2.40053E+03
 2.40285E+03
 2.40517E+03
 2.40749E+03
 2.40981E+03
 2.41212E+03
 2.41444E+03
 2.41676E+03
 2.41907E+03
 2.42138E+03
 2.42370E+03
 2.42601E+03
 2.42832E+03
 2.43063E+03
 2.43294E+03
 2.43525E+03
 2.43756E+03
 2.43986E+03
 2.44217E+03
 2.44447E+03
 2.44678E+03
 2.44908E+03
 2.45138E+03
 2.45368E+03
 2.45598E+03
 2.45828E+03
 2.46058E+03
 2.46288E+03
 2.46517E+03
 2.46747E+03
 2.46976E+03
 2.47206E+03
 2.47435E+03
 2.47664E+03
 2.47893E+03
 2.48122E+03
 2.48351E+03
 2.48580E+03
 2.48809E+03
 2.49038E+03
 2.49266E+03
 2.49495E+03
 2.49723E+03
 2.49951E+03
 2.50180E+03
 2.50408E+03
 2.50636E+03
 2.50864E+03
 2.51092E+03
 2.51319E+03
 2.51547E+03
 2.51775E+03
 2.52002E+03
 2.52230E+03
 2.52457E+03
 2.52684E+03
 2.52911E+03
 2.53138E+03
 2.53365E+03
 2.53592E+03
 2.53819E+03
 2.54046E+03
 2.54272E+03
 2.54499E+03
 2.54725E+03
 2.54951E+03
 2.55178E+03
 2.55404E+03
 2.55630E+03
 2.55856E+03
 2.56082E+03
 2.56308E+03
 2.56533E+03
 2.56759E+03
 2.56985E+03
 2.57210E+03
 2.57435E+03
 2.57661E+03
 2.57886E+03
 2.58111E+03
 2.58336E+03
 2.58561E+03
 2.58786E+03
 2.59011E+03
 2.59235E+03
 2.59460E+03
 2.59684E+03
 2.59909E+03
 2.60133E+03
 2.60357E+03
 2.60581E+03
 2.60805E+03
 2.61029E+03
 2.61253E+03
 2.61477E+03
 2.61701E+03
 2.61924E+03
 2.62148E+03
 2.62371E+03
 2.62595E+03
 2.62818E+03
 2.63041E+03
 2.63264E+03
 2.63487E+03
 2.63710E+03
 2.63933E+03
 2.64156E+03
 2.64379E+03
 2.64601E+03
 2.64824E+03
 2.65046E+03
 2.65268E+03
 2.65491E+03
 2.65713E+03
 2.65935E+03
 2.66157E+03
 2.66379E+03
 2.66600E+03
 2.66822E+03
 2.67044E+03
 2.67265E+03
 2.67487E+03
 2.67708E+03
 2.67929E+03
 2.68151E+03
 2.68372E+03
 2.68593E+03
 2.68814E+03
 2.69035E+03
 2.69255E+03
 2.69476E+03
 2.69697E+03
 2.69917E+03
 2.70138E+03
 2.70358E+03
 2.70578E+03
 2.70798E+03
 2.71018E+03
 2.71238E+03
 2.71458E+03
 2.71678E+03
 2.71898E+03
 2.72118E+03
 2.72337E+03
 2.72557E+03
 2.72776E+03
 2.72995E+03
 2.73215E+03
 2.73434E+03
 2.73653E+03
 2.73872E+03
 2.74091E+03
 2.74309E+03
 2.74528E+03
 2.74747E+03
 2.74965E+03
 2.75184E+03
 2.75402E+03
 2.75621E+03
 2.75839E+03
 2.76057E+03
 2.76275E+03
 2.76493E+03
 2.76711E+03
 2.76929E+03
 2.77146E+03
 2.77364E+03
 2.77582E+03
 2.77799E+03
 2.78016E+03
 2.78234E+03
 2.78451E+03
 2.78668E+03
 2.78885E+03
 2.79102E+03
 2.79319E+03
 2.79536E+03
 2.79752E+03
 2.79969E+03
 2.80186E+03
 2.80402E+03
 2.80618E+03
 2.80835E+03
 2.81051E+03
 2.81267E+03
 2.81483E+03
 2.81699E+03
 2.81915E+03
 2.82131E+03
